timestamp,open,high,low,close,volume
2018-02-08,1429.6750,1433.7522,1367.0001,1377.1300,5856854
2018-02-07,1449.0000,1460.9900,1415.1500,1416.7800,7124798
2018-02-06,1361.4600,1443.9900,1351.7900,1442.8400,10773963
2018-02-05,1402.6200,1458.9800,1320.7200,1390.0000,10756332
2018-02-02,1477.3900,1498.0000,1414.0000,1429.9500,10915962
2018-02-01,1445.0000,1459.8800,1385.1400,1390.0000,7812953
2018-01-31,1451.3000,1472.5800,1450.0400,1450.8900,6220396
2018-01-30,1403.1700,1439.2500,1392.0000,1437.8200,5736512
2018-01-29,1409.1800,1431.3900,1400.4400,1417.6800,5628992
2018-01-26,1392.0100,1402.5300,1380.9100,1402.0500,4584082
2018-01-25,1368.0000,1378.3400,1357.6200,1377.9500,4621862
2018-01-24,1374.8200,1388.1600,1338.0000,1357.5100,6730084
2018-01-23,1338.0900,1364.9000,1337.3400,1362.5400,5056764
2018-01-22,1297.1700,1327.4500,1296.6600,1327.3100,3970151
2018-01-19,1312.0000,1313.0000,1292.9900,1294.5800,4395070
2018-01-18,1293.9500,1304.6000,1284.0200,1293.3200,3941007
2018-01-17,1312.2400,1314.0000,1280.8800,1295.0000,5166748
2018-01-16,1323.0000,1339.9400,1292.3000,1304.8600,7111172
2018-01-12,1273.3900,1305.7600,1273.3900,1305.2000,5360681
2018-01-11,1259.7400,1276.7700,1256.4600,1276.6800,3075315
2018-01-10,1245.1500,1254.3300,1237.2300,1254.3300,2659507
2018-01-09,1256.9000,1259.3300,1241.7600,1252.7000,3646681
2018-01-08,1236.0000,1253.0800,1232.0300,1246.8700,4177533
2018-01-05,1217.5100,1229.1400,1210.0000,1229.1400,3430148
2018-01-04,1205.0000,1215.8700,1204.6600,1209.5900,3000366
2018-01-03,1188.3000,1205.4900,1188.3000,1204.2000,3044664
2018-01-02,1172.0000,1190.0000,1170.5100,1189.0100,2587899
2017-12-29,1182.3500,1184.0000,1167.5000,1169.4700,2625283
2017-12-28,1189.0000,1190.1000,1184.3800,1186.1000,1803460
2017-12-27,1179.9100,1187.2900,1175.6100,1182.2600,1779382
2017-12-26,1168.3600,1178.3200,1160.5500,1176.7600,1964871
2017-12-22,1172.0800,1174.6200,1167.8300,1168.3600,1553997
2017-12-21,1175.9000,1179.1700,1167.6400,1174.7600,2042448
2017-12-20,1190.5000,1191.0000,1176.0000,1177.6200,2318916
2017-12-19,1189.1500,1192.9700,1179.1400,1187.3800,2555235
2017-12-18,1187.3700,1194.7800,1180.9100,1190.5800,2767271
2017-12-15,1179.0300,1182.7500,1169.3300,1179.1400,4539895
2017-12-14,1163.7100,1177.9300,1162.4500,1174.2600,3069993
2017-12-13,1170.0000,1170.8700,1160.2700,1164.1300,2555053
2017-12-12,1166.5100,1173.6000,1161.6100,1165.0800,2197697
2017-12-11,1164.6000,1169.9000,1157.0000,1168.9200,2257922
2017-12-08,1170.4000,1172.7900,1157.1000,1162.0000,2957785
2017-12-07,1156.5900,1163.1900,1151.0000,1159.7900,2408323
2017-12-06,1137.9900,1155.8900,1136.0800,1152.3500,2756730
2017-12-05,1128.2600,1159.2700,1124.7400,1141.5700,4033184
2017-12-04,1173.8500,1175.2000,1128.0000,1133.9500,5872358
2017-12-01,1172.0500,1179.6500,1152.0000,1162.3500,4070722
2017-11-30,1167.1000,1178.5700,1160.0000,1176.7500,4470183
2017-11-29,1194.8000,1194.8000,1145.1900,1161.2700,9239087
2017-11-28,1204.8800,1205.3400,1188.5200,1193.6000,4463476
2017-11-27,1202.6600,1213.4100,1191.1500,1195.8300,6701343
2017-11-24,1160.7000,1186.8400,1160.7000,1186.0000,3526582
2017-11-22,1141.0000,1160.2700,1141.0000,1156.1600,3516336
2017-11-21,1132.8600,1140.0000,1128.2000,1139.4900,2449503
2017-11-20,1129.7700,1133.4200,1122.5500,1126.3100,2134381
2017-11-17,1138.2800,1138.8000,1125.8100,1129.8800,2333554
2017-11-16,1130.1600,1138.1600,1130.0500,1137.2900,2190456
2017-11-15,1127.0100,1131.7500,1121.6300,1126.6900,3897230
2017-11-14,1130.1100,1138.0000,1123.8900,1136.8400,3042295
2017-11-13,1123.0000,1139.9000,1122.3400,1129.1700,2897563
2017-11-10,1126.1000,1131.7500,1124.0600,1125.3500,2162985
2017-11-09,1125.9600,1129.6200,1115.7700,1129.1300,3661411
2017-11-08,1122.8200,1135.5400,1119.1100,1132.8800,2581451
2017-11-07,1124.7400,1130.6000,1117.5000,1123.1700,2623474
2017-11-06,1109.1500,1125.4100,1108.7700,1120.6600,3313857
2017-11-03,1091.1500,1112.6800,1088.5200,1111.6000,3685172
2017-11-02,1097.8100,1101.9400,1086.8700,1094.2200,3658748
2017-11-01,1105.4000,1108.9700,1096.7400,1103.6800,3723680
2017-10-31,1109.0000,1110.5400,1101.1200,1105.2800,3428461
2017-10-30,1095.0100,1122.7900,1093.5600,1110.8500,6516639
2017-10-27,1058.1400,1105.5800,1050.5500,1100.9500,16360527
2017-10-26,980.3300,982.9000,968.5500,972.4300,3670282
2017-10-25,978.0000,984.4400,966.2400,972.9100,2969295
2017-10-24,969.0000,979.8500,965.0000,975.9000,2666782
2017-10-23,986.7300,986.7750,962.5000,966.3000,3465469
2017-10-20,993.5300,994.6200,982.0000,982.9100,2294145
2017-10-19,990.0000,991.0500,980.2400,986.6100,3040066
2017-10-18,1009.2700,1022.3100,996.5500,997.0000,2477357
2017-10-17,1005.5900,1011.4700,1004.3800,1009.1300,2307075
2017-10-16,1008.4400,1009.5700,1001.0400,1006.3400,1991556
2017-10-13,1007.0000,1007.7700,1001.0300,1002.9400,2399403
2017-10-12,996.8100,1008.4400,992.4000,1000.9300,4056172
2017-10-11,991.2700,995.5000,986.6950,995.0000,2310872
2017-10-10,996.6700,997.9500,980.0990,987.2000,3062820
2017-10-09,993.2400,998.5000,987.5000,990.9900,2927994
2017-10-06,975.6400,995.7500,975.6400,989.5800,3719840
2017-10-05,970.0000,981.5100,969.6400,980.8500,3119487
2017-10-04,954.2100,967.7900,954.0500,965.4500,2460721
2017-10-03,958.0000,963.6900,950.3700,957.1000,2643484
2017-10-02,964.0000,967.3050,952.1201,959.1900,2415846
2017-09-29,960.1100,964.8300,958.3750,961.3500,2411643
2017-09-28,951.8600,959.7000,950.1010,956.4000,2512567
2017-09-27,948.0000,955.3000,943.3000,950.8700,3111263
2017-09-26,945.4900,948.6300,931.7500,938.6000,3464183
2017-09-25,949.3100,949.4200,932.8900,939.7900,5065542
2017-09-22,961.0100,965.6100,954.4200,955.1000,2602418
2017-09-21,971.3100,971.7000,962.0200,964.6500,2252940
2017-09-20,971.7900,974.8100,962.1626,973.2100,2727355
2017-09-19,977.2500,978.2400,967.4600,969.8600,2614059
2017-09-18,990.4000,992.7922,968.1700,974.1900,3376772
2017-09-15,993.0100,996.2500,984.0300,986.7900,3697742
2017-09-14,996.8000,998.5600,987.7400,992.2100,3788472
2017-09-13,983.9700,1000.0000,979.4200,999.6000,3314978
2017-09-12,983.2700,984.6718,975.5170,982.5800,2444699
2017-09-11,974.4600,981.9400,974.2200,977.9600,2134582
2017-09-08,979.1000,979.8800,963.4700,965.9000,2578269
2017-09-07,974.0000,980.5900,972.5500,979.4700,2536000
2017-09-06,968.3200,971.8400,960.6000,967.8000,2106605
2017-09-05,975.4000,976.7699,960.3700,965.2700,2875228
2017-09-01,984.2000,984.5000,976.8750,978.2500,2423132
2017-08-31,974.7000,981.0000,972.7600,980.6000,3280945
2017-08-30,958.4400,969.4100,956.9062,967.5900,2860718
2017-08-29,940.0000,956.0000,936.3300,954.0600,2853972
2017-08-28,946.5400,953.0000,942.2500,946.0200,2529087
2017-08-25,956.0000,957.6210,944.1000,945.2600,3292776
2017-08-24,957.4200,959.0000,941.1400,952.4500,5086748
2017-08-23,959.3800,962.0000,954.2000,958.0000,2590245
2017-08-22,955.5200,967.9300,955.4950,966.9000,2718261
2017-08-21,957.5700,961.2000,945.4600,953.2900,3008450
2017-08-18,961.4000,965.4300,954.6500,958.4700,3248677
2017-08-17,977.8400,977.8400,960.3200,960.5700,3396045
2017-08-16,981.6500,986.4605,973.2200,978.1800,3096051
2017-08-15,988.9000,991.7400,982.0000,982.7400,2513139
2017-08-14,978.4100,985.5000,976.1900,983.3000,3008007
2017-08-11,960.0000,970.3900,951.3800,967.9900,3431423
2017-08-10,976.2950,979.8600,954.6800,956.9200,5560388
2017-08-09,982.6000,988.0000,975.2700,982.0100,3434077
2017-08-08,994.3500,996.2800,985.7900,989.8400,2847527
2017-08-07,990.6500,995.0000,987.1400,992.2700,2676607
2017-08-04,989.6800,991.6720,982.0000,987.5800,2704026
2017-08-03,999.4700,999.5000,984.5900,986.9200,3203134
2017-08-02,1001.7700,1003.2100,981.7300,995.8900,4017780
2017-08-01,990.6500,995.0000,987.1400,992.2700,4421395
2017-07-31,1019.0500,1019.0500,987.0200,987.7800,7246638
2017-07-28,1012.1400,1032.8500,1001.0000,1020.0400,7624498
2017-07-27,1069.5500,1083.3100,1040.1800,1046.0000,9905158
2017-07-26,1043.2000,1053.2000,1043.2000,1052.8000,2828980
2017-07-25,1038.0500,1043.3300,1032.4800,1039.8700,2432328
2017-07-24,1028.3400,1043.0100,1027.4300,1038.9500,3212499
2017-07-21,1021.2800,1026.1000,1011.0000,1025.6700,2677517
2017-07-20,1031.5900,1034.9700,1022.5200,1028.7000,2964341
2017-07-19,1025.0000,1031.5900,1022.5000,1026.8700,2936902
2017-07-18,1006.0000,1026.0300,1004.0000,1024.4500,3957892
2017-07-17,1004.6900,1014.7500,1003.8100,1010.0400,3636801
2017-07-14,1002.4000,1004.4500,996.8900,1001.8100,2066362
2017-07-13,1004.6200,1006.8800,995.9000,1000.6300,2864533
2017-07-12,1000.6500,1008.5500,998.1000,1006.5100,3491988
2017-07-11,993.0000,995.9900,983.7200,994.1300,2947479
2017-07-10,985.0000,999.4392,983.5000,996.4700,3462884
2017-07-07,969.5500,980.1100,969.1400,978.7600,2582645
2017-07-06,964.6600,974.4000,959.0200,965.1400,3229378
2017-07-05,961.5300,975.0000,955.2500,971.4000,3587645
2017-07-03,972.7900,974.4900,951.0001,953.6600,2908267
2017-06-30,980.1200,983.4700,967.6100,968.0000,3309138
2017-06-29,979.0000,987.5600,965.2500,975.9300,4246765
2017-06-28,978.5500,990.6800,969.2100,990.3300,3708638
2017-06-27,990.6900,998.8000,976.0000,976.7800,3735360
2017-06-26,1008.5000,1009.8000,992.0000,993.9800,3347195
2017-06-23,1002.5400,1004.6200,998.0200,1003.7400,2645973
2017-06-22,1002.2300,1006.9600,997.2000,1001.3000,2221035
2017-06-21,998.7000,1002.7200,992.6518,1002.2300,2892563
2017-06-20,998.0000,1004.8800,992.0200,992.5900,4040990
2017-06-19,1017.0000,1017.0000,989.9000,995.1700,4967600
2017-06-16,996.0000,999.7500,982.0000,987.7100,11314754
2017-06-15,958.7000,965.7300,950.8600,964.1700,5202147
2017-06-14,988.5900,990.3400,966.7100,976.4700,3943670
2017-06-13,977.9900,984.5000,966.1000,980.7900,4533933
2017-06-12,967.0000,975.9500,945.0000,964.9100,9393802
2017-06-09,1012.5000,1012.9900,927.0000,978.3100,7647692
2017-06-08,1012.0600,1013.6100,1006.1100,1010.2700,2724408
2017-06-07,1005.9500,1010.2500,1002.0000,1010.0700,2779551
2017-06-06,1012.0000,1016.5000,1001.2500,1003.0000,3298378
2017-06-05,1007.2300,1013.2100,1003.5100,1011.3400,2676857
2017-06-02,998.9900,1008.4800,995.6700,1006.7300,3714954
2017-06-01,998.5900,998.9900,991.3700,995.9500,2384298
2017-05-31,1000.0000,1000.1200,982.1600,994.6200,3912535
2017-05-30,996.5100,1001.2000,995.5200,996.7000,3245760
2017-05-26,995.0000,998.6500,989.2491,995.7800,3394090
2017-05-25,984.8500,999.0000,982.1100,993.3800,4737390
2017-05-24,976.0000,981.0000,970.2300,980.3500,2407995
2017-05-23,975.0200,975.2000,966.8500,971.5400,2395510
2017-05-22,964.0000,971.3800,962.9000,970.6700,2613805
2017-05-19,962.8400,968.9200,959.7200,959.8400,3846299
2017-05-18,944.8000,962.7500,944.7600,958.4900,3876816
2017-05-17,954.7000,960.3957,944.1200,944.7600,5073254
2017-05-16,961.0000,970.0600,960.9100,966.0700,3050005
2017-05-15,958.7300,963.1500,956.0550,957.9700,4245856
2017-05-12,954.5000,962.7900,951.5300,961.3500,3605620
2017-05-11,945.1100,950.2900,940.7750,947.6200,2135393
2017-05-10,953.5000,953.7499,945.0000,948.9500,2083441
2017-05-09,952.8000,957.8900,950.2000,952.8200,3230630
2017-05-08,940.9500,949.0500,939.2100,949.0400,3370672
2017-05-05,940.5200,940.7900,930.3000,934.1500,2856585
2017-05-04,944.7500,945.0000,934.2150,937.5300,2380874
2017-05-03,946.0000,946.0000,935.9000,941.0300,3544234
2017-05-02,946.6450,950.1000,941.4130,946.9400,3800912
2017-05-01,927.8000,954.4000,927.8000,948.2300,5415793
2017-04-28,948.8300,949.5900,924.3335,924.9900,7278819
2017-04-27,914.3900,921.8600,912.1100,918.3800,4255693
2017-04-26,910.3000,915.7490,907.5600,909.2900,2562595
2017-04-25,907.0400,909.4800,903.0000,907.6200,3367734
2017-04-24,908.6800,909.9900,903.8200,907.4100,3118123
2017-04-21,902.6700,903.6500,896.7700,898.5300,2420494
2017-04-20,899.7000,905.3200,896.2900,902.0600,2814441
2017-04-19,907.8400,910.5000,897.3690,899.2000,2870242
2017-04-18,900.9900,909.6100,900.7800,903.7800,2999238
2017-04-17,887.5000,902.3800,887.5000,901.9900,2854673
2017-04-13,891.4500,894.9700,884.4900,884.6700,3174583
2017-04-12,903.0900,904.0900,895.2501,896.2300,2456140
2017-04-11,907.0400,911.2400,897.5000,902.3600,3012743
2017-04-10,899.6300,908.5100,899.0000,907.0400,3184301
2017-04-07,899.6500,900.0900,889.3100,894.8800,3707367
2017-04-06,913.8000,917.1899,894.4927,898.2800,6344065
2017-04-05,910.8200,923.7200,905.6200,909.2800,7508370
2017-04-04,891.5000,908.5384,890.2800,906.8300,4984656
2017-04-03,888.0000,893.4900,885.4200,891.5100,3422328
2017-03-31,877.0000,890.3500,876.6500,886.5400,3957612
2017-03-30,874.9500,877.0600,871.6600,876.3400,2762730
2017-03-29,859.0500,876.4380,859.0200,874.3200,4485770
2017-03-28,851.7500,858.4600,850.1000,856.0000,3041633
2017-03-27,838.0700,850.3000,833.5000,846.8200,2755775
2017-03-24,851.6800,851.8000,843.5300,845.6100,2138269
2017-03-23,848.2000,850.8900,844.8000,847.3800,1952964
2017-03-22,840.4300,849.3700,839.0500,848.0600,2658669
2017-03-21,858.8400,862.7950,841.3100,843.2000,4382852
2017-03-20,851.5100,857.8000,851.0100,856.9700,2282727
2017-03-17,853.4900,853.8300,850.6400,852.3100,3384403
2017-03-16,855.3000,855.5000,850.5100,853.4200,1842296
2017-03-15,854.3300,854.4500,847.1100,852.9700,2562176
2017-03-14,853.5500,853.7500,847.5500,852.5300,2130586
2017-03-13,851.7700,855.6900,851.7100,854.5900,1909672
2017-03-10,857.0000,857.3500,851.7200,852.4600,2436434
2017-03-09,851.0000,856.3999,850.3100,853.0000,2048187
2017-03-08,848.0000,853.0700,846.7900,850.5000,2288317
2017-03-07,845.4800,848.4600,843.7500,846.0200,2247554
2017-03-06,845.2300,848.4900,841.1200,846.6100,2610370
2017-03-03,847.2000,851.9850,846.2700,849.8800,1951575
2017-03-02,853.0800,854.8200,847.2800,848.9100,2132098
2017-03-01,853.0500,854.8300,849.0100,853.0800,2760083
2017-02-28,851.4500,854.0900,842.0500,845.0400,2793709
2017-02-27,842.3800,852.5000,839.6700,848.6400,2713627
2017-02-24,844.6900,845.8100,837.7501,845.2400,3687963
2017-02-23,857.5700,860.8600,848.0000,852.1900,3461984
2017-02-22,856.9500,858.4300,852.1800,855.6100,2616971
2017-02-21,848.8400,857.9800,847.2500,856.4400,3507742
2017-02-17,842.0000,847.2700,840.7300,845.0700,3112275
2017-02-16,841.8400,845.0000,839.3750,844.1400,2714667
2017-02-15,834.0000,842.8100,832.8200,842.7000,2968853
2017-02-14,837.0000,838.3100,831.4522,836.3900,2792442
2017-02-13,831.6200,842.9999,828.5500,836.5300,4172618
2017-02-10,823.8200,828.0000,822.8500,827.4600,2429609
2017-02-09,821.6000,825.0000,819.7100,821.3600,2484948
2017-02-08,812.6900,821.4790,812.5000,819.7100,2857985
2017-02-07,809.3100,816.1600,807.5000,812.5000,3466091
2017-02-06,809.8000,810.7200,803.0000,807.6400,3897301
2017-02-03,806.7200,818.3000,804.0000,810.2000,10868773
2017-02-02,836.5900,842.4900,828.2600,839.9500,7350492
2017-02-01,829.2100,833.7800,824.9400,832.3500,3850181
2017-01-31,823.7500,826.9900,819.5600,823.4800,3137196
2017-01-30,833.0000,833.5000,816.3800,830.3800,3747336
2017-01-27,839.0000,839.7000,829.4400,835.7700,2998700
2017-01-26,835.5300,843.8400,833.0000,839.1500,3586323
2017-01-25,825.7900,837.4183,825.2880,836.5200,4023078
2017-01-24,822.0000,823.9900,814.5000,822.4400,2971740
2017-01-23,806.8000,818.5000,805.0800,817.8800,2797474
2017-01-20,815.2800,816.0200,806.2600,808.3300,3376196
2017-01-19,810.0000,813.5100,807.3200,809.0400,2540784
2017-01-18,809.5000,811.7300,804.2700,807.4800,2354201
2017-01-17,815.7000,816.0000,803.4400,809.7200,3670529
2017-01-13,814.3200,821.6500,811.4000,817.1400,3791945
2017-01-12,800.3100,814.1300,799.5000,813.6400,4873922
2017-01-11,793.6600,799.5000,789.5100,799.0200,2992791
2017-01-10,796.6000,798.0000,789.5434,795.9000,2558369
2017-01-09,798.0000,801.7742,791.7700,796.9200,3446109
2017-01-06,782.3600,799.4400,778.4800,795.9900,5986234
2017-01-05,761.5500,782.3999,760.2557,780.4500,5830068
2017-01-04,758.3900,759.6800,754.2000,757.1800,2510526
2017-01-03,757.9200,758.7595,747.7000,753.6700,3521066
2016-12-30,766.4700,767.3999,748.2800,749.8700,4139449
2016-12-29,772.4000,773.4000,760.8500,765.1500,3158299
2016-12-28,776.2500,780.0000,770.5000,772.1300,3301025
2016-12-27,763.4000,774.6500,761.2000,771.4000,2638725
2016-12-23,764.5500,766.5000,757.9900,760.5900,1981616
2016-12-22,768.1200,771.2100,763.0200,766.3400,2543551
2016-12-21,770.0000,771.2200,765.7000,770.6000,2044629
2016-12-20,768.6500,774.3900,767.7100,771.2200,2703629
2016-12-19,758.8900,770.5000,756.1600,766.0000,3113240
2016-12-16,765.0000,765.1300,754.0000,757.7700,4848219
2016-12-15,766.2800,769.1000,760.3100,761.0000,3801927
2016-12-14,778.2500,780.8600,762.8100,768.8200,5454836
2016-12-13,764.9600,782.4600,762.0000,774.3400,5285288
2016-12-12,766.4000,766.8900,757.2000,760.1200,2963945
2016-12-09,770.0000,770.2500,765.3400,768.6600,2470923
2016-12-08,771.8700,773.7900,765.1900,767.3300,3189608
2016-12-07,764.5500,770.4200,755.8200,770.4200,3684906
2016-12-06,763.9900,768.2400,757.2500,764.7200,3794746
2016-12-05,745.0000,761.4900,742.0000,759.3600,4314723
2016-12-02,743.4000,748.4903,736.7000,740.3400,3561307
2016-12-01,752.4100,753.3700,738.0300,743.6500,4665993
2016-11-30,762.0000,768.0900,750.2500,750.5700,4625946
2016-11-29,768.0000,769.8900,761.3200,762.5200,3272344
2016-11-28,776.9900,777.0000,764.2400,766.7700,4438828
2016-11-25,786.5000,786.7500,777.9000,780.3700,1837068
2016-11-23,781.7300,781.7500,773.1200,780.1200,3540263
2016-11-22,788.1700,792.4000,781.0000,785.3300,5311320
2016-11-21,766.0000,780.3500,765.1100,780.0000,4614574
2016-11-18,761.0000,767.7400,757.6435,760.1600,4373408
2016-11-17,749.3200,757.5000,748.0000,756.4000,3690112
2016-11-16,739.8800,749.8700,735.6100,746.4900,3648791
2016-11-15,730.0000,746.7800,725.9900,743.2400,6755785
2016-11-14,745.5100,746.0000,710.1000,719.0700,7321344
2016-11-11,735.7300,743.2600,728.9000,739.0100,6622784
2016-11-10,778.8100,778.8300,717.7000,742.3800,12746994
2016-11-09,764.0000,777.5000,760.0900,771.8800,8562892
2016-11-08,784.9700,791.7399,779.1000,787.7500,3412629
2016-11-07,771.6400,787.7320,770.9400,784.9300,5984354
2016-11-04,762.7900,766.0000,753.2301,755.0500,5122103
2016-11-03,765.0500,777.0000,764.0000,767.0300,3872496
2016-11-02,783.9300,784.7500,763.5500,765.5600,5026504
2016-11-01,799.0000,800.8400,776.7130,785.4100,5305428
2016-10-31,781.0300,793.7000,780.1100,789.8200,5413326
2016-10-28,782.0000,789.4900,774.6100,776.3200,10841073
2016-10-27,831.2400,831.7200,815.4300,818.3600,7406385
2016-10-26,832.7600,833.4400,820.0000,822.5900,3998102
2016-10-25,839.3000,843.0900,833.2200,835.1800,3248358
2016-10-24,824.9500,838.3000,822.2100,838.0900,4060899
2016-10-21,809.3600,819.4200,809.0000,818.9900,2793015
2016-10-20,813.9900,815.7100,803.1000,810.3200,3151954
2016-10-19,820.4000,820.6700,815.1700,817.6900,2090706
2016-10-18,822.1100,823.2600,815.0200,817.6500,2512504
2016-10-17,821.5000,822.0000,811.6800,812.9500,3361492
2016-10-14,835.0800,835.7400,822.9600,822.9600,2999814
2016-10-13,829.0000,831.8000,821.2100,829.2800,3091387
2016-10-12,834.0000,837.6660,830.1000,834.0900,2380416
2016-10-11,841.0200,841.2900,828.3500,831.0000,3588180
2016-10-10,843.2500,845.2000,840.2700,841.7100,1827143
2016-10-07,845.7900,845.9500,837.4500,839.4300,2426228
2016-10-06,843.7000,847.2100,840.6000,841.6600,2684013
2016-10-05,838.0000,845.6700,836.1200,844.3600,3469055
2016-10-04,840.9100,842.3650,830.2600,834.0300,2950314
2016-10-03,836.0000,839.8600,831.2500,836.7400,2769448
2016-09-30,832.6100,839.9500,832.4000,837.3100,4430566
2016-09-29,828.2600,837.5000,824.6300,829.0500,4922248
2016-09-28,818.0000,830.1400,817.0337,828.7200,4422078
2016-09-27,801.8500,816.6400,801.1100,816.1100,3819600
2016-09-26,801.8000,805.9300,797.1450,799.1600,2651397
2016-09-23,803.1300,807.7500,802.1200,805.7500,2353511
2016-09-22,794.2700,805.8890,794.2700,804.7000,4078910
2016-09-21,783.2500,790.6900,779.0100,789.7400,2718644
2016-09-20,776.0000,781.3700,776.0000,780.2200,1937164
2016-09-19,779.9700,781.9400,771.0000,775.1000,2297221
2016-09-16,773.2800,780.4600,771.6600,778.5200,5499182
2016-09-15,762.0000,770.8700,757.5800,769.6900,3043534
2016-09-14,762.2000,767.5000,758.8500,761.0900,2531822
2016-09-13,768.7700,769.8900,759.0500,761.0100,3117224
2016-09-12,757.3500,772.6600,756.0000,771.4900,3124704
2016-09-09,779.3600,781.0000,760.1100,760.1400,4257344
2016-09-08,783.8900,786.5000,781.4400,784.0600,2030511
2016-09-07,789.5300,790.7900,784.3300,784.4800,2424622
2016-09-06,774.0400,789.4800,770.2200,788.8700,3719788
2016-09-02,774.1100,776.0000,771.7000,772.4400,2181792
2016-09-01,770.9000,772.0400,766.7500,770.6200,1792271
2016-08-31,766.6000,769.6400,764.0000,769.1600,1633789
2016-08-30,771.0500,771.8358,765.5600,767.5800,1709158
2016-08-29,768.7200,774.9800,768.6000,771.2900,2198560
2016-08-26,760.0500,770.0000,759.7950,769.0000,2776830
2016-08-25,756.0000,760.5600,754.7410,759.2200,1622992
2016-08-24,763.0000,763.4100,755.3600,757.2500,1744107
2016-08-23,763.3100,764.7000,761.0000,762.4500,1524131
2016-08-22,757.5000,759.8500,752.1000,759.4800,1679251
2016-08-19,761.9000,762.4900,756.8900,757.3100,2343237
2016-08-18,764.0000,765.1700,760.6000,764.4600,1458834
2016-08-17,764.4100,765.2200,759.1990,764.6300,1891116
2016-08-16,768.6200,768.7317,763.8200,764.0400,1604561
2016-08-15,771.9000,772.0400,767.7100,768.4900,2118521
2016-08-12,768.4600,773.1500,768.4225,772.5600,1563318
2016-08-11,769.9400,773.7500,769.1200,771.2400,2019740
2016-08-10,769.8000,772.1000,766.1900,768.5600,1604280
2016-08-09,767.3900,772.6000,766.9000,768.3100,1876091
2016-08-08,766.8100,767.0000,761.0150,766.5600,1986272
2016-08-05,764.8100,768.4700,763.0900,765.9800,2704391
2016-08-04,753.7000,765.0000,750.3500,760.7700,3178208
2016-08-03,757.0600,758.8900,752.2500,754.6400,3581525
2016-08-02,763.8100,765.0100,757.0200,760.5800,3603280
2016-08-01,759.8700,770.5000,757.0600,767.7400,3578205
2016-07-29,765.0000,766.0000,755.0000,758.8100,6777050
2016-07-28,745.9800,753.3600,739.7000,752.6100,7617580
2016-07-27,737.9700,740.9400,733.8600,736.6700,2913134
2016-07-26,742.7100,743.1300,732.7525,735.5900,2529692
2016-07-25,746.5500,748.5000,735.3500,739.6100,2679290
2016-07-22,747.7900,751.2800,743.5300,744.8600,2277711
2016-07-21,747.5000,749.3600,742.7918,744.4300,2317072
2016-07-20,744.0000,746.2500,740.7000,745.7200,2214023
2016-07-19,732.5000,743.3300,732.3100,739.9500,2216820
2016-07-18,735.4900,741.5954,728.7200,736.0700,2954914
2016-07-15,746.5500,746.5500,734.0500,735.4400,3121385
2016-07-14,748.8600,749.0400,739.0200,741.2000,2390472
2016-07-13,746.7600,756.8700,741.2500,742.6300,4142265
2016-07-12,756.8600,757.3400,740.3300,748.2100,5623657
2016-07-11,750.0000,755.9000,747.0000,753.7800,3195272
2016-07-08,740.1400,746.1000,738.0000,745.8100,3429217
2016-07-07,739.3300,739.5500,731.6300,736.5700,2945783
2016-07-06,725.7100,737.7700,722.5800,737.6100,3938249
2016-07-05,722.8000,728.1100,719.6100,728.1000,2431431
2016-07-01,717.3200,728.0000,716.5400,725.6800,2920423
2016-06-30,717.2000,719.3700,712.5400,715.6200,2855142
2016-06-29,715.7500,719.5000,713.5400,715.6000,3070052
2016-06-28,700.0000,708.0000,698.1714,707.9500,4036957
2016-06-27,692.0100,696.8189,682.1150,691.3600,5584037
2016-06-24,693.0000,712.5292,692.2000,698.9600,7632511
2016-06-23,715.5000,722.1200,712.5000,722.0800,2824974
2016-06-22,716.5800,717.0000,707.5650,710.6000,2260454
2016-06-21,715.7200,718.4000,712.7210,715.8200,2137534
2016-06-20,713.5000,721.3100,710.8100,714.0100,3677162
2016-06-17,718.1900,718.2000,699.1800,706.3900,5897788
2016-06-16,712.0500,718.0000,705.3000,717.5100,3097961
2016-06-15,722.0000,722.5600,713.3522,714.2600,2709447
2016-06-14,712.3300,720.8050,712.2700,719.3000,2506922
2016-06-13,714.0100,721.9900,711.1600,715.2400,3352201
2016-06-10,722.3500,724.9800,714.2100,717.9100,3425718
2016-06-09,723.1000,728.9100,722.3000,727.6500,2170318
2016-06-08,726.4000,729.4200,721.6000,726.6400,2223366
2016-06-07,729.8900,730.0000,720.5500,723.7400,2732463
2016-06-06,726.5000,731.5000,724.4200,726.7300,2704806
2016-06-03,726.7400,727.0000,718.4300,725.5400,3367306
2016-06-02,720.9700,728.2800,715.5001,728.2400,3026583
2016-06-01,720.9000,726.4300,718.2200,719.4400,3263107
2016-05-31,712.3300,724.2300,711.3200,722.7900,3618323
2016-05-27,715.0000,716.6000,711.1000,712.2400,2249164
2016-05-26,708.3300,715.0000,707.2930,714.9100,2446681
2016-05-25,708.0000,710.8600,705.5159,708.3500,3276631
2016-05-24,698.0100,707.5000,698.0000,704.2000,3033782
2016-05-23,704.2500,706.0000,696.4200,696.7500,2595082
2016-05-20,701.0500,707.2400,700.0000,702.8000,2916165
2016-05-19,691.8800,699.4000,689.5600,698.5200,3025566
2016-05-18,689.5600,702.5399,688.7600,697.4500,4283189
2016-05-17,709.9000,714.4700,693.9100,695.2700,5121357
2016-05-16,710.1300,713.2500,700.2800,710.6600,5432920
2016-05-13,714.6400,719.2500,706.5100,709.9200,4763419
2016-05-12,717.3800,722.4500,711.5100,717.9300,5048150
2016-05-11,705.7900,719.0000,701.6500,713.2300,7338196
2016-05-10,694.0000,704.5500,693.5000,703.0700,6105570
2016-05-09,673.9500,686.9800,671.4100,679.7500,3982161
2016-05-06,656.0500,676.9500,656.0100,673.9500,4365345
2016-05-05,673.3100,676.4900,656.0000,659.0900,4884114
2016-05-04,662.5900,674.0000,662.1400,670.9000,4635462
2016-05-03,677.3600,680.3000,670.4300,671.3200,4923351
2016-05-02,663.9200,685.5000,662.0251,683.8500,6578517
2016-04-29,666.0000,669.9800,654.0000,659.5900,10310739
2016-04-28,615.5400,626.8000,599.2000,602.0000,7872605
2016-04-27,611.8000,615.9500,601.2800,606.5700,4068767
2016-04-26,626.1700,626.7549,614.8800,616.8800,2521433
2016-04-25,616.6100,626.9800,616.2511,626.2000,2682924
2016-04-22,624.4700,628.2500,611.5600,620.5000,5083904
2016-04-21,631.0000,637.8200,628.5000,631.0000,2596298
2016-04-20,630.0000,636.5500,623.0000,632.9900,2609425
2016-04-19,637.1400,638.0100,620.8000,627.9000,4055870
2016-04-18,625.3500,637.6400,624.9603,635.3500,4360883
2016-04-15,621.9200,626.7700,618.1100,625.8900,2887681
2016-04-14,615.0700,624.3800,615.0700,620.7500,3512136
2016-04-13,607.6800,616.8100,605.2900,614.8200,4228349
2016-04-12,598.4000,604.0600,592.3100,603.1700,2641062
2016-04-11,596.1400,604.0000,594.9100,595.9300,2704267
2016-04-08,594.3200,597.8600,589.0000,594.6000,2591936
2016-04-07,598.7600,599.6000,589.0800,591.4300,3189037
2016-04-06,587.5200,602.3900,587.5000,602.0800,2849909
2016-04-05,590.7700,593.4700,585.2500,586.1400,2308884
2016-04-04,599.0000,599.5000,590.5500,593.1900,2470825
2016-04-01,590.4900,599.0300,588.3000,598.5000,2917386
2016-03-31,599.2800,600.7500,592.2100,593.6400,2681811
2016-03-30,596.7100,603.2400,595.0000,598.6900,3890461
2016-03-29,580.1500,595.8500,576.5000,593.8600,4392567
2016-03-28,584.4000,584.7500,575.5600,579.8700,3121522
2016-03-24,567.1100,583.5500,567.0800,582.9500,5185539
2016-03-23,561.0000,572.4800,558.1000,569.6300,3983720
2016-03-22,545.1100,562.7600,545.0500,560.4800,4000564
2016-03-21,548.9100,555.2400,538.5800,553.9800,5155732
2016-03-18,560.9400,562.3300,546.0900,552.0800,7296885
2016-03-17,569.5100,571.4000,555.0100,559.4400,5928105
2016-03-16,576.6400,581.3200,571.1400,574.2700,3537669
2016-03-15,571.0000,581.5200,567.0000,577.0200,3876821
2016-03-14,567.0000,576.8900,563.0500,573.3700,3454152
2016-03-11,566.9500,570.0600,562.7300,569.6100,3771310
2016-03-10,566.7400,567.0000,547.9000,558.9300,3919892
2016-03-09,559.5600,560.3500,550.1250,559.4700,4377283
2016-03-08,557.8700,571.3500,554.7400,560.2600,4679663
2016-03-07,573.5400,573.6300,555.5500,562.8000,4932527
2016-03-04,581.0700,581.4000,571.0650,575.1400,3416545
2016-03-03,577.9600,579.8660,573.1100,577.4900,2741292
2016-03-02,581.7500,585.0000,573.7000,580.2100,4582170
2016-03-01,556.2900,579.2500,556.0000,579.0400,5038452
2016-02-29,554.0000,564.8100,552.5100,552.5200,4145396
2016-02-26,560.1200,562.5000,553.1700,555.2300,4877039
2016-02-25,555.5200,559.3900,545.2946,555.1500,4525463
2016-02-24,545.7500,554.2700,533.1501,554.0400,6231668
2016-02-23,555.5500,556.9100,545.3300,552.9400,4050790
2016-02-22,542.2000,560.6500,541.0800,559.5000,5566553
2016-02-19,520.7100,535.9500,515.3500,534.9000,4974717
2016-02-18,541.1900,541.2000,523.7300,525.0000,4735008
2016-02-17,528.7400,537.4800,519.3900,534.1000,4824002
2016-02-16,519.4800,524.4500,511.6600,521.1000,5118500
2016-02-12,510.7000,516.7500,501.4932,507.0800,5384787
2016-02-11,491.1700,509.3000,484.0000,503.8200,7397393
2016-02-10,491.7600,504.6600,486.0000,490.4800,6786181
2016-02-09,478.0100,498.3800,474.0000,482.0700,7077915
2016-02-08,486.4700,493.5000,475.2100,488.1000,9825509
2016-02-05,529.2800,529.4500,499.1900,502.1300,9708929
2016-02-04,525.0000,538.9900,519.2201,536.2600,6199070
2016-02-03,553.5000,556.0000,521.9000,531.0700,10048709
2016-02-02,570.0000,571.5600,550.0900,552.1000,6312045
2016-02-01,578.1500,581.8000,570.3100,574.8100,6355123
2016-01-29,571.9800,593.0000,570.0000,587.0000,14677550
2016-01-28,608.3700,638.0600,597.5500,635.3500,14015171
2016-01-27,601.9900,603.3900,578.7800,583.3500,5152853
2016-01-26,603.4500,604.5000,590.3800,601.2500,3765655
2016-01-25,597.9900,608.5000,594.5600,596.5300,4396079
2016-01-22,588.7300,600.1000,584.1079,596.3800,5120144
2016-01-21,573.5800,588.8100,568.2200,575.0200,4952217
2016-01-20,564.3600,578.4500,547.1800,571.7700,7966406
2016-01-19,577.0900,584.0000,566.4500,574.4800,4807165
2016-01-15,572.2400,584.6200,565.3000,570.1800,7784523
2016-01-14,580.2500,602.2500,569.8800,593.0000,7237978
2016-01-13,620.8800,620.8800,579.1600,581.8100,7655239
2016-01-12,625.2500,625.9900,612.2415,617.8900,4724100
2016-01-11,612.4800,619.8500,598.5700,617.7400,4891551
2016-01-08,619.6600,624.1400,606.0000,607.0500,5512915
2016-01-07,621.8000,630.0000,605.2100,607.9400,7074915
2016-01-06,622.0000,639.7900,620.3100,632.6500,5329197
2016-01-05,646.8600,646.9100,627.6500,633.7900,5822603
2016-01-04,656.2900,657.7150,627.5100,636.9900,9314519
2015-12-31,686.0800,687.7500,675.8900,675.8900,3749560
2015-12-30,691.8900,695.4900,686.3750,689.0700,3519003
2015-12-29,677.9800,696.4400,677.8893,693.9700,5734996
2015-12-28,665.5600,675.5000,665.5000,675.2000,3783555
2015-12-24,663.3500,664.6800,660.6000,662.7900,1092970
2015-12-23,666.5000,666.5970,656.6300,663.7000,2722922
2015-12-22,666.8300,668.4900,659.2600,663.1500,2667795
2015-12-21,668.5000,669.9000,658.9300,664.5100,3250900
2015-12-18,668.6500,676.8400,664.1300,664.1400,6841304
2015-12-17,680.0000,682.5000,670.6500,670.6500,3681645
2015-12-16,663.5600,677.3500,659.3200,675.7700,3964470
2015-12-15,665.0300,671.5000,657.3500,658.6400,4753415
2015-12-14,641.7500,658.5850,635.2700,657.9100,4361273
2015-12-11,651.2300,657.8800,639.6200,640.1500,5474420
2015-12-10,665.5900,668.5260,659.5600,662.3200,3455472
2015-12-09,678.0000,679.0000,655.6800,664.7900,5158172
2015-12-08,663.1300,679.9900,659.7900,677.3300,3651908
2015-12-07,674.7400,675.4600,660.5000,669.8300,3732814
2015-12-04,666.0000,674.7750,661.4000,672.6400,4534796
2015-12-03,679.4400,682.7900,661.4800,666.2500,5064736
2015-12-02,681.0000,684.8200,674.2500,676.0100,4273526
2015-12-01,673.7500,681.0000,667.8600,679.0600,4751152
2015-11-30,675.9000,681.2900,664.6000,664.8000,5693172
2015-11-27,680.8000,680.9900,672.1000,673.2600,1966801
2015-11-25,675.0000,679.7000,671.2400,675.3400,2697889
2015-11-24,674.1400,675.8000,661.2125,671.1500,4543417
2015-11-23,671.5000,682.7700,668.4500,678.9900,4385057
2015-11-20,667.9400,668.8700,657.5700,668.4500,3896135
2015-11-19,664.9900,672.8600,659.0000,661.2700,4705237
2015-11-18,646.5100,664.8800,646.3700,663.5400,4469769
2015-11-17,650.6500,653.2500,641.0000,643.3000,4316843
2015-11-16,640.9200,649.9900,622.2900,647.8100,7435934
2015-11-13,663.5700,667.0000,640.4500,642.3500,6261076
2015-11-12,673.0000,675.6400,664.2200,665.6000,4284678
2015-11-11,663.2500,675.9600,663.2500,673.2500,5387309
2015-11-10,651.0100,660.0000,647.2620,659.6800,3489483
2015-11-09,658.6500,661.9550,647.8477,655.4900,4048823
2015-11-06,655.0000,662.2600,652.0000,659.3700,4092165
2015-11-05,647.1000,657.0000,643.0901,655.6500,4723825
2015-11-04,627.7600,645.9300,627.3500,640.9500,4840501
2015-11-03,629.5300,629.8900,622.0000,625.3100,3246910
2015-11-02,627.1300,628.6300,620.4100,628.3500,2816479
2015-10-30,626.0100,630.7200,625.2800,625.9000,3874363
2015-10-29,617.7000,627.5400,615.3900,626.5500,3896026
2015-10-28,612.3000,617.2300,609.5000,617.1000,3926200
2015-10-27,608.6000,614.7100,605.5300,611.0100,3787136
2015-10-26,602.3000,609.8500,596.2900,608.6100,4269715
2015-10-23,617.6800,619.4500,595.3600,599.0300,10692667
2015-10-22,562.7000,569.1460,556.6700,563.9100,7779372
2015-10-21,563.8700,565.2500,552.5200,555.7700,3361655
2015-10-20,572.0000,573.0000,555.2800,560.8800,4346209
2015-10-19,570.7600,579.0000,567.3800,573.1500,4375420
2015-10-16,565.2700,570.9400,560.3100,570.7600,4315792
2015-10-15,547.7500,563.0000,547.0000,562.4400,4937034
2015-10-14,551.3400,552.2500,539.6800,544.8300,3582060
2015-10-13,546.2600,553.2000,543.1000,548.9000,2938044
2015-10-12,539.9600,550.8200,539.8000,550.1900,2776103
2015-10-09,534.4800,541.7900,530.2700,539.8000,3537364
2015-10-08,536.7100,539.3860,519.8900,533.1600,4676440
2015-10-07,541.7900,542.0000,529.0000,541.9400,3812087
2015-10-06,545.5000,551.5000,533.3300,537.4800,4547519
2015-10-05,536.9900,545.9100,536.0000,543.6800,3391359
2015-10-02,512.9900,532.6000,508.1000,532.5400,4597795
2015-10-01,511.0000,520.8000,506.0000,520.7200,3768483
2015-09-30,505.4400,512.8000,501.6724,511.8900,3902536
2015-09-29,506.0000,511.4800,490.5000,496.0700,4457532
2015-09-28,520.0200,520.2800,494.3337,504.0600,5370668
2015-09-25,542.5700,542.8000,521.4000,524.2500,4030998
2015-09-24,530.5500,534.5600,522.8700,533.7500,3500964
2015-09-23,538.3000,541.2100,534.0000,536.0700,2237571
2015-09-22,539.7100,543.5500,532.6600,538.4000,3841748
2015-09-21,544.3300,549.7800,539.5900,548.3900,3283313
2015-09-18,534.6200,546.2370,531.3500,540.2600,6160075
2015-09-17,526.9800,546.9700,526.5700,538.8700,4169484
2015-09-16,521.9800,528.3000,518.5200,527.3900,2252790
2015-09-15,523.2500,527.9200,517.2000,522.3700,2865933
2015-09-14,529.4400,532.4500,518.5800,521.3800,3130241
2015-09-11,521.0700,529.4400,520.6050,529.4400,3227862
2015-09-10,515.1500,526.1300,514.7800,522.2400,2575982
2015-09-09,524.0000,529.9500,515.0600,516.8900,4370657
2015-09-08,508.6900,518.3500,508.5144,517.5400,3810653
2015-09-04,497.6500,502.8500,495.6400,499.0000,2692510
2015-09-03,514.5000,515.8400,502.5700,504.7200,3149694
2015-09-02,505.0900,510.8600,497.7200,510.5500,3707116
2015-09-01,499.1400,510.0000,493.4300,496.5400,3864514
2015-08-31,516.4400,519.4100,509.0700,512.8900,3002293
2015-08-28,517.5000,521.5000,513.0400,518.0100,2746708
2015-08-27,514.0300,522.6900,507.2610,518.3700,6114506
2015-08-26,484.0200,503.7200,478.7600,500.7700,6358639
2015-08-25,487.4900,489.4400,466.2500,466.3700,5679329
2015-08-24,463.5800,489.7600,451.0000,463.3700,10097601
2015-08-21,507.3600,512.3300,494.4700,494.4700,6706466
2015-08-20,530.3900,533.2500,515.7700,515.7800,4407990
2015-08-19,533.7400,537.2500,529.0000,532.9200,2324040
2015-08-18,535.0400,539.4900,533.0000,535.0200,2071342
2015-08-17,531.2900,538.7400,527.1200,535.2200,2581680
2015-08-14,528.2500,534.1100,528.2500,531.5200,1994799
2015-08-13,527.3700,534.6600,525.4846,529.6600,2895238
2015-08-12,523.7500,527.5000,513.0600,525.9100,4014684
2015-08-11,523.6500,528.9800,522.0000,527.4600,2676600
2015-08-10,528.5200,532.2764,523.0000,524.0000,2615926
2015-08-07,529.1600,529.4599,518.2100,522.6200,3969215
2015-08-06,539.3000,542.7400,527.5200,529.4600,3820453
2015-08-05,538.8000,539.1400,534.1190,537.0100,2866861
2015-08-04,529.6900,536.9500,529.1630,531.9000,2934590
2015-08-03,537.4500,540.4400,529.3600,535.0300,3014236
2015-07-31,539.0900,542.8400,534.5201,536.1500,3025598
2015-07-30,527.6500,539.2000,524.2900,536.7600,3743065
2015-07-29,530.9200,532.9655,525.0200,529.0000,3752634
2015-07-28,536.0000,536.3900,523.1200,526.0300,5273092
2015-07-27,527.7500,544.9500,526.6000,531.4100,7490960
2015-07-24,578.9900,580.5700,529.3500,529.4200,21909381
2015-07-23,491.6600,491.6600,475.7000,482.1800,9374431
2015-07-22,485.9900,492.5000,484.9000,488.2700,3114898
2015-07-21,487.9000,488.8800,482.5500,488.0000,3181831
2015-07-20,492.5700,493.2000,485.4000,488.1000,4752491
2015-07-17,477.7000,485.4200,477.2500,483.0100,4932176
2015-07-16,465.5000,475.8800,464.8000,475.4800,4095581
2015-07-15,463.0400,464.7000,460.2000,461.1900,2987399
2015-07-14,462.3200,469.6000,458.1600,465.5700,4736215
2015-07-13,448.2900,457.8700,447.5400,455.5700,3956802
2015-07-10,440.4900,444.7200,439.0000,443.5100,2400981
2015-07-09,434.9000,438.7200,434.1500,434.3900,2271395
2015-07-08,434.3500,435.9900,428.8300,429.7000,2383130
2015-07-07,435.6800,437.7300,425.5700,436.7200,3454248
2015-07-06,435.2300,439.7300,433.5200,436.0400,1903161
2015-07-02,437.0000,438.2000,433.4800,437.7100,1343397
2015-07-01,439.3500,440.0000,435.5800,437.3900,1987076
2015-06-30,434.2000,435.5700,430.4600,434.0900,2596873
2015-06-29,434.9800,437.0000,429.0000,429.8600,2753193
2015-06-26,441.7600,443.4900,435.0600,438.1000,2624479
2015-06-25,438.0700,443.4700,436.3900,440.1000,2237458
2015-06-24,444.9700,446.4700,440.2300,440.8400,2620827
2015-06-23,435.5900,447.0400,433.6900,445.9900,3245049
2015-06-22,437.0000,439.2400,434.1800,436.2900,1823572
2015-06-19,440.2600,444.9900,433.2400,434.9200,4495087
2015-06-18,430.3000,439.7300,429.4050,439.3900,3378360
2015-06-17,428.3600,431.3500,424.7530,427.8100,2185869
2015-06-16,424.1500,427.9700,422.6700,427.2600,2297469
2015-06-15,427.6600,428.0500,422.6400,423.6700,2050987
2015-06-12,431.2500,432.3600,428.2600,429.9200,2054385
2015-06-11,432.2900,438.8900,431.4700,432.9700,2922459
2015-06-10,426.4600,432.2000,425.6600,430.7700,2172333
2015-06-09,422.9600,427.4900,419.1400,425.4800,2288663
2015-06-08,425.6200,426.8000,421.4250,423.5000,2172525
2015-06-05,429.6600,430.8000,426.5000,426.9500,1907855
2015-06-04,434.4000,436.7550,429.2600,430.7800,2510761
2015-06-03,434.4000,438.3900,432.7500,436.5900,2727914
2015-06-02,430.0700,433.2300,426.2500,430.9900,1669845
2015-06-01,430.4000,433.1600,426.2000,430.9200,2253264
2015-05-29,427.2300,432.5000,427.2300,429.2300,3016060
2015-05-28,429.7100,431.3500,425.4700,426.5700,1912436
2015-05-27,427.4500,431.8500,425.0100,431.4200,2231088
2015-05-26,426.2000,427.0000,422.0000,425.4700,2244185
2015-05-22,431.5500,432.4400,427.6100,427.6300,2020629
2015-05-21,428.0000,436.9000,428.0000,431.6300,4121401
2015-05-20,420.6000,427.1000,418.3600,423.8600,2196159
2015-05-19,424.8700,428.2400,420.6300,421.7100,2465240
2015-05-18,426.0000,427.2700,421.4600,425.2400,2390229
2015-05-15,428.0000,430.3962,424.3000,426.0000,4240306
2015-05-14,429.4500,433.0000,427.0100,432.2800,1888477
2015-05-13,429.9800,433.5280,425.8000,426.8700,1996328
2015-05-12,431.0800,433.2500,426.7100,431.0200,1947822
2015-05-11,432.5100,439.0000,431.3700,432.8500,2393737
2015-05-08,430.7500,435.2000,430.1740,433.6900,2908838
2015-05-07,424.1500,428.5000,422.8500,426.8800,2766132
2015-05-06,421.4300,422.7165,414.5500,419.1000,2552474
2015-05-05,422.8500,427.5100,421.0200,421.1900,2856386
2015-05-04,424.8000,429.7700,422.4200,423.0400,2270448
2015-05-01,423.8200,425.6400,416.0000,422.8700,3565824
2015-04-30,427.1100,431.7500,419.2400,421.7800,3647877
2015-04-29,426.7500,434.2400,426.0300,429.3700,3621688
2015-04-28,438.5100,439.0000,428.0400,429.3100,4140483
2015-04-27,443.8600,446.9900,437.4100,438.5600,5430949
2015-04-24,439.0000,452.6500,439.0000,445.1000,17176904
2015-04-23,390.2100,391.8800,386.1500,389.9900,7979985
2015-04-22,391.9100,394.2800,388.0000,389.8000,3474724
2015-04-21,391.3100,394.6000,386.8000,391.1800,4643524
2015-04-20,378.5500,391.9400,377.0000,389.5100,5016148
2015-04-17,382.6300,383.5600,374.4000,375.5600,3839664
2015-04-16,383.6900,387.4500,383.5500,386.0400,2080418
2015-04-15,384.6500,385.7800,381.6400,383.4500,1933229
2015-04-14,383.5100,387.8100,381.2101,385.1100,2583575
2015-04-13,383.5300,385.2800,380.1400,382.3600,1894453
2015-04-10,384.3100,387.1200,381.3151,382.6500,2573519
2015-04-09,380.6600,384.4200,378.7950,383.5400,2392328
2015-04-08,374.6600,381.5800,374.6500,381.2000,2636434
2015-04-07,376.1500,379.3100,374.0300,374.4100,1954902
2015-04-06,370.1000,380.2000,369.3600,377.0400,3050709
2015-04-02,370.5000,373.2800,369.0000,372.2500,1875279
2015-04-01,372.1000,373.1600,368.3400,370.2550,2458095
2015-03-31,373.2400,377.7000,371.5100,372.1000,2506122
2015-03-30,371.8700,376.1200,371.5500,374.5900,1820933
2015-03-27,367.1100,373.1700,366.5734,370.5600,2609774
2015-03-26,369.5900,371.4000,365.6500,367.3500,2929962
2015-03-25,375.1700,380.5000,370.2850,370.9600,3429497
2015-03-24,373.9900,375.2400,372.2700,374.0900,2228214
2015-03-23,378.0700,381.7700,374.9400,375.1100,2239343
2015-03-20,376.2900,379.3700,375.9200,378.4900,3763553
2015-03-19,373.8700,377.1100,372.1900,373.2400,1915671
2015-03-18,369.9700,375.9900,366.7000,375.1350,2654135
2015-03-17,371.1100,374.5000,369.6400,371.9200,2036961
2015-03-16,370.3800,373.9400,366.7200,373.3500,2354059
2015-03-13,371.5200,373.9900,366.6800,370.5800,2611658
2015-03-12,368.8200,375.5000,367.5200,374.2400,2810001
2015-03-11,370.6100,373.3500,366.2600,366.3700,2495097
2015-03-10,377.4500,377.7700,369.1800,369.5100,3120972
2015-03-09,378.4000,379.3300,375.2800,378.5600,2311390
2015-03-06,385.5200,387.0000,378.8800,380.0900,2627042
2015-03-05,385.6100,388.4182,383.8900,387.8300,2693518
2015-03-04,385.7100,387.9000,382.1900,382.7200,2259141
2015-03-03,383.9500,386.1000,381.6010,384.6100,1946498
2015-03-02,380.8500,385.9000,379.4810,385.6550,2139205
2015-02-27,384.0000,385.9900,379.7900,380.1600,2532309
2015-02-26,384.0700,389.3700,383.2800,384.8000,2687107
2015-02-25,377.2700,387.8500,376.5400,385.3700,3174495
2015-02-24,378.6500,380.4800,376.1600,378.5900,1921850
2015-02-23,383.4400,384.5400,378.0000,380.1400,2176989
2015-02-20,378.6200,383.7000,375.8400,383.6600,3258023
2015-02-19,373.4900,381.8800,373.4300,378.9950,2953752
2015-02-18,373.7800,376.7400,372.8500,373.3700,2650610
2015-02-17,377.7200,379.9850,372.6700,375.4300,3673208
2015-02-13,378.4100,383.0000,377.0100,381.8300,3475069
2015-02-12,375.1000,378.5100,373.1500,377.1700,2791050
2015-02-11,371.2300,377.1000,371.1000,375.1400,2786523
2015-02-10,371.1900,374.3000,368.5100,372.9950,2287232
2015-02-09,371.0000,374.4100,367.2000,370.5600,2724630
2015-02-06,374.8700,375.9899,371.0100,374.2800,3892382
2015-02-05,366.0000,378.8000,365.9000,373.8900,7247605
2015-02-04,358.3800,367.5000,358.2300,364.7500,4169927
2015-02-03,360.2900,367.8170,360.2100,363.5500,6212565
2015-02-02,350.0500,365.0000,350.0100,364.4700,10231914
2015-01-30,346.3200,359.5000,340.7400,354.5300,23856060
2015-01-29,304.7300,312.8000,299.3300,311.7800,8656567
2015-01-28,309.8100,311.5100,303.8000,303.9100,3063774
2015-01-27,306.3000,310.2430,302.6250,306.7500,2920315
2015-01-26,311.8200,313.0000,307.5201,309.6600,3169665
2015-01-23,308.0800,316.9300,307.7200,312.3900,4496419
2015-01-22,300.0000,312.2500,300.0000,310.3200,5362640
2015-01-21,289.6400,306.0000,287.2600,297.2500,10065076
2015-01-20,292.5900,293.3599,286.3900,289.4400,3075081
2015-01-16,286.2800,290.7900,285.2500,290.7400,3478176
2015-01-15,294.0000,295.9995,286.8150,286.9500,4419196
2015-01-14,291.9300,295.9100,286.5030,293.2700,5538666
2015-01-13,297.4800,301.4976,293.2300,294.7400,4136442
2015-01-12,297.5600,298.5100,289.2810,291.4100,3421392
2015-01-09,301.4800,302.8700,296.6800,296.9300,2570947
2015-01-08,300.3200,303.1400,296.1100,300.4600,3088398
2015-01-07,297.5000,301.2800,295.3300,298.4200,2640349
2015-01-06,302.2400,303.0000,292.3800,295.2900,3519034
2015-01-05,307.0100,308.3800,300.8500,302.1900,2774231
2015-01-02,312.5800,314.7500,306.9601,308.5200,2788101
2014-12-31,311.5500,312.9800,310.0100,310.3500,2057766
2014-12-30,309.9100,313.9400,309.3400,310.3000,2093023
2014-12-29,307.8500,314.2700,306.5800,312.0400,3009046
2014-12-26,305.0000,310.7799,303.8100,309.0900,2893801
2014-12-24,306.3800,307.0000,302.8750,303.0300,1518107
2014-12-23,306.9800,307.4900,303.2520,306.2850,2718359
2014-12-22,301.9400,307.3600,301.9400,306.5400,4003827
2014-12-19,296.9100,301.5400,295.5200,299.9000,8709129
2014-12-18,304.0100,304.5000,293.2500,297.7300,7738067
2014-12-17,296.3700,299.6700,293.0300,298.8800,4433505
2014-12-16,304.3500,304.4900,295.0100,295.0600,6501252
2014-12-15,308.8700,310.8600,302.1500,306.0700,3841577
2014-12-12,303.9900,310.6399,303.0100,307.3200,3162322
2014-12-11,307.8900,312.6400,306.0100,307.3600,3272919
2014-12-10,312.0000,313.1900,304.6800,305.8400,3245890
2014-12-09,302.9900,313.6390,301.1400,312.5000,4049506
2014-12-08,311.5700,316.5600,304.8210,306.6400,3639180
2014-12-05,316.8000,316.9300,310.8400,312.6300,3265214
2014-12-04,315.5300,318.5900,313.4700,316.9300,3296642
2014-12-03,325.7300,326.7700,314.3600,316.5000,5689904
2014-12-02,327.5000,327.9300,323.2500,326.3100,2790257
2014-12-01,338.1200,340.6400,325.9300,326.0000,4944861
2014-11-28,336.0300,341.2600,336.0300,338.6400,3051798
2014-11-26,333.7800,334.6500,331.7500,333.5700,1985949
2014-11-25,335.2700,336.3325,331.2800,335.0400,2564989
2014-11-24,334.7800,337.3900,333.6000,335.6400,2754186
2014-11-21,335.4200,338.3300,331.4700,332.6300,4466587
2014-11-20,324.0000,332.6700,323.3300,330.5400,3436721
2014-11-19,327.2500,328.4000,324.0200,326.5400,3281614
2014-11-18,323.9900,329.5600,323.2500,324.9300,3551161
2014-11-17,326.4400,328.0000,318.0300,323.0500,4784933
2014-11-14,317.1200,332.8800,316.4010,327.8200,8877785
2014-11-13,312.0000,317.8900,311.5100,316.4800,3686428
2014-11-12,310.7500,312.5800,308.7900,311.5100,2182982
2014-11-11,305.9400,312.3800,303.6460,312.0100,3807333
2014-11-10,300.0000,305.7990,300.0000,305.1100,2809056
2014-11-07,297.8200,299.9900,296.2900,299.8600,2647352
2014-11-06,296.6900,297.0000,292.2900,296.6400,3758121
2014-11-05,303.0100,304.0000,294.1600,296.5200,4674492
2014-11-04,303.9900,304.2500,300.1700,302.8100,3427384
2014-11-03,306.2400,308.0100,303.2400,305.7200,3244150
2014-10-31,305.1500,305.7200,301.5000,305.4600,4551795
2014-10-30,293.9800,299.7400,292.3600,299.0700,4055155
2014-10-29,299.1100,299.6100,293.0701,294.1200,4883259
2014-10-28,289.7600,298.0000,289.7600,295.5900,5576646
2014-10-27,285.7000,290.4200,285.0200,289.9700,5950594
2014-10-24,284.4000,293.8100,284.0000,287.0600,19805911
2014-10-23,313.4000,316.8000,311.4000,313.1800,9038193
2014-10-22,315.4300,318.9800,312.6400,312.9700,3130049
2014-10-21,309.9000,315.6400,307.0700,315.3300,3563351
2014-10-20,302.9500,306.5300,302.0200,306.2100,3239490
2014-10-17,307.1500,309.2000,302.7200,303.6400,4409218
2014-10-16,293.8300,306.8200,293.8300,302.8600,4731866
2014-10-15,304.3500,307.9000,299.1020,305.9700,5348254
2014-10-14,308.0000,312.2400,305.7500,308.3100,3385809
2014-10-13,309.8700,313.2000,303.4700,306.4500,4369850
2014-10-10,314.0200,317.7700,311.3800,311.3900,3684314
2014-10-09,321.4900,322.2710,314.5200,315.3700,3589464
2014-10-08,316.5800,324.1100,314.1400,322.7000,3458960
2014-10-07,319.4300,322.0000,316.6700,316.9800,2365698
2014-10-06,323.5000,324.1300,319.6000,322.2000,2294194
2014-10-03,320.3600,325.1600,319.5300,322.7400,3037891
2014-10-02,316.9200,318.5300,311.3100,318.4100,3553944
2014-10-01,322.0400,322.1650,315.5500,317.4600,3096735
2014-09-30,321.3600,323.4300,318.5100,322.4400,2639967
2014-09-29,320.5000,323.7500,319.0000,321.8200,1929589
2014-09-26,320.6000,323.5000,317.6400,323.2100,3639155
2014-09-25,327.9900,328.5400,321.4000,321.9300,2925241
2014-09-24,324.1700,329.4400,319.5600,328.2100,2635754
2014-09-23,322.4600,327.6000,321.2500,323.6300,2352600
2014-09-22,328.4900,329.4900,321.0600,324.5000,3109700
2014-09-19,327.6000,332.7559,325.5700,331.3200,6886200
2014-09-18,325.4400,327.1000,323.7105,325.0000,2576900
2014-09-17,327.7600,328.0000,321.5200,324.0000,4136000
2014-09-16,321.0700,329.4800,320.1000,327.7600,3259900
2014-09-15,330.9100,331.3300,319.0000,323.8900,4000400
2014-09-12,329.5600,332.8900,328.7900,331.1900,3429300
2014-09-11,329.9400,333.0100,326.3900,330.5200,2720200
2014-09-10,334.3000,334.9800,328.8200,331.3300,3797400
2014-09-09,341.6100,341.7600,329.1800,329.7500,4634000
2014-09-08,344.5400,345.8100,339.0400,342.3400,2955300
2014-09-05,346.3000,346.8270,342.5000,346.3800,2107000
2014-09-04,343.6900,349.3800,343.5800,345.9500,3952200
2014-09-03,342.5400,343.2700,337.5500,339.0000,1993700
2014-09-02,339.9800,342.5000,337.1587,342.3800,2326000
2014-08-29,341.7600,341.8199,337.6800,339.0400,1939500
2014-08-28,340.0000,341.7900,338.8000,340.0200,2252700
2014-08-27,342.0900,346.6700,341.3400,343.1800,2961600
2014-08-26,337.0000,344.3600,334.5500,341.8300,3638200
2014-08-25,333.2100,336.7700,332.7100,334.0200,1957700
2014-08-22,332.9900,334.0800,330.8000,331.5900,2211200
2014-08-21,336.4800,336.5820,332.2300,332.9100,1971100
2014-08-20,334.6800,337.1600,334.0220,335.7800,1810500
2014-08-19,334.8700,335.8100,333.0100,335.1300,1713800
2014-08-18,335.4800,337.8000,333.7700,334.5300,2485400
2014-08-15,334.0000,335.0000,328.3200,333.6300,3896700
2014-08-14,327.8000,334.0900,326.7100,333.2100,3420400
2014-08-13,327.6000,331.7200,326.1400,326.2800,4939100
2014-08-12,318.8900,321.3100,316.9500,319.3200,1915800
2014-08-11,318.4800,320.3800,316.8800,318.3300,2468600
2014-08-08,311.9400,317.3200,310.6600,316.8000,2705900
2014-08-07,315.2100,315.8774,309.6550,311.4500,2935600
2014-08-06,310.8300,315.7800,310.2000,313.8900,2296900
2014-08-05,313.3000,314.5500,310.0600,312.3200,2852100
2014-08-04,308.8400,316.1800,308.5000,313.6500,4200900
2014-08-01,313.6900,315.8300,304.5880,307.0600,7441500
2014-07-31,320.0100,320.6836,311.8600,312.9900,5192000
2014-07-30,321.4500,322.7300,318.5000,322.5100,3969000
2014-07-29,321.9800,322.8999,319.5000,320.0000,2883800
2014-07-28,324.2500,324.8200,316.5000,320.4100,5932000
2014-07-25,317.3000,324.8700,314.7600,324.0100,17846500
2014-07-24,359.9800,364.8500,358.5200,358.6100,7000000
2014-07-23,359.0500,360.6300,356.6200,358.1400,2687300
2014-07-22,355.2500,362.9300,355.2500,360.8400,2888900
2014-07-21,358.1000,361.7100,356.7200,359.7600,2278400
2014-07-18,354.4000,359.6800,352.0800,358.6600,3407400
2014-07-17,353.4400,356.9600,351.3800,352.4540,3636000
2014-07-16,355.6200,359.3200,353.0000,355.9000,3503600
2014-07-15,353.7200,355.5900,349.4000,354.4400,4170900
2014-07-14,347.0300,355.7700,345.3560,355.3200,5609900
2014-07-11,334.7100,347.0000,334.7100,346.2000,8300800
2014-07-10,324.3400,329.9800,322.6500,327.9200,2665000
2014-07-09,324.7100,330.2000,323.1500,329.9700,3166100
2014-07-08,333.1000,333.7397,321.4000,323.8100,4271600
2014-07-07,337.5000,337.5500,332.5200,333.5500,2128900
2014-07-03,334.8300,338.3000,333.0800,337.4920,1944300
2014-07-02,333.2000,336.7600,331.6600,332.8500,2681300
2014-07-01,325.8600,333.2000,325.1000,332.3900,3173600
2014-06-30,324.9800,326.9800,322.2400,324.7800,2671300
2014-06-27,325.8800,326.5200,323.2700,324.5700,2416200
2014-06-26,328.4900,328.6500,322.1300,325.6900,2699500
2014-06-25,324.3300,328.1500,321.7400,327.4400,2327800
2014-06-24,327.5400,329.7300,322.7380,324.1600,2626600
2014-06-23,323.3300,327.5500,321.4100,327.2400,2604800
2014-06-20,327.7600,328.2200,320.4200,324.2000,6054000
2014-06-19,335.2550,338.9000,325.9800,327.0000,5320600
2014-06-18,328.0000,335.7500,325.0000,334.3800,6401500
2014-06-17,327.5400,331.3400,325.2300,325.6200,2904200
2014-06-16,324.8600,328.6945,323.5200,327.6200,2396100
2014-06-13,327.0500,329.2980,323.5262,326.2700,2764800
2014-06-12,335.5500,335.5500,324.6600,325.9100,4263000
2014-06-11,336.0000,340.7199,333.8772,335.2000,4436800
2014-06-10,327.6500,335.5000,327.5000,332.4100,3663400
2014-06-09,331.5700,333.0000,325.6500,327.5000,3212200
2014-06-06,325.0000,330.8800,324.9300,329.6700,5244000
2014-06-05,308.1000,327.9400,306.9000,323.5700,7796700
2014-06-04,306.8500,309.5000,303.8400,306.7800,2107100
2014-06-03,305.7500,307.9200,305.0700,307.1900,2379200
2014-06-02,312.5900,312.6000,307.0000,308.8400,2203400
2014-05-30,314.4300,314.6500,307.5700,312.5500,4260200
2014-05-29,310.4200,314.8700,310.2000,313.7800,2365500
2014-05-28,309.5000,313.8200,307.4200,310.1600,2726000
2014-05-27,314.4100,314.6296,307.3800,310.8200,4862100
2014-05-23,305.4600,312.3500,304.9000,312.2400,3052900
2014-05-22,305.0500,308.5400,303.0100,304.9100,2576800
2014-05-21,302.2100,305.9600,301.5201,305.0100,3408800
2014-05-20,297.1000,304.4600,296.7500,301.1900,4095700
2014-05-19,295.7600,299.0000,293.8100,296.7550,2284200
2014-05-16,292.8000,298.8800,291.5500,297.7000,3636800
2014-05-15,298.0200,299.2000,290.3800,295.1900,4295100
2014-05-14,302.5000,304.6400,296.6600,297.6200,3323300
2014-05-13,302.6000,305.6000,300.7500,304.6400,3509900
2014-05-12,294.3000,303.3400,294.1600,302.8600,3729600
2014-05-09,290.5700,293.6800,284.3800,292.2400,4063000
2014-05-08,290.8200,295.8784,287.2300,288.3200,3848200
2014-05-07,295.5600,296.4000,286.6800,292.7100,7015200
2014-05-06,309.5300,309.8100,297.0400,297.3800,4682300
2014-05-05,306.3700,310.2300,305.0000,310.0500,2519900
2014-05-02,310.4200,313.2900,304.3100,308.0100,3995100
2014-05-01,304.1300,310.4800,304.0000,307.8900,4328600
2014-04-30,298.1000,304.5600,298.1000,304.1300,4088600
2014-04-29,296.4400,301.8400,290.4500,300.3800,6509300
2014-04-28,304.0000,304.3900,288.0000,296.5800,14479800
2014-04-25,316.2500,316.4900,302.7100,303.8300,16180200
2014-04-24,329.6700,337.4000,322.9500,337.1500,9293700
2014-04-23,333.0600,333.1300,323.3900,324.5800,3604600
2014-04-22,332.0000,337.5000,328.9400,329.3200,3711600
2014-04-21,323.9700,331.1499,322.3100,330.8700,2999400
2014-04-17,319.7600,328.6600,319.7600,324.9100,4299200
2014-04-16,321.1700,324.0000,314.7100,323.6800,4284900
2014-04-15,316.7000,318.2800,305.5000,316.0800,5398600
2014-04-14,317.6700,320.4800,311.2800,315.9100,4293500
2014-04-11,314.0000,316.5000,309.5000,311.7300,7287500
2014-04-10,330.6000,331.0000,316.5000,317.1100,6126700
2014-04-09,328.4700,332.1800,322.5000,331.8050,5056600
2014-04-08,321.8800,328.0000,318.4400,327.0700,6577600
2014-04-07,320.9900,324.9400,313.1300,317.7600,7077400
2014-04-04,335.1500,335.4400,315.6100,323.0000,12534600
2014-04-03,341.8200,342.5000,328.4600,333.6200,6399300
2014-04-02,345.9900,348.2950,340.3800,341.9600,4475500
2014-04-01,338.0900,344.4300,338.0000,342.9900,3600100
2014-03-31,342.4000,346.2900,334.0600,336.3650,4297500
2014-03-28,340.0500,347.0000,336.0800,338.2900,3986800
2014-03-27,343.1500,343.9999,330.8800,338.4700,5766400
2014-03-26,357.1300,357.6000,343.4000,343.4100,4120700
2014-03-25,354.0300,358.9700,348.8400,354.7100,4445700
2014-03-24,360.0900,361.5000,348.6000,351.8500,4873500
2014-03-21,371.0000,372.8400,358.4000,360.6200,5414100
2014-03-20,370.6400,373.0000,366.2200,368.9700,2558500
2014-03-19,378.7700,379.0000,369.4200,373.2300,2646700
2014-03-18,377.3200,379.0000,375.0000,378.7700,2483500
2014-03-17,375.7200,378.8500,374.8800,375.0400,2303000
2014-03-14,372.8000,378.5680,371.5500,373.7400,4402200
2014-03-13,376.6200,383.1100,368.0800,371.5100,6829000
2014-03-12,366.4000,371.1600,363.6100,370.6400,2216600
2014-03-11,370.9900,372.8000,367.2800,368.8200,2246100
2014-03-10,372.6900,372.7300,367.0000,370.5300,2105800
2014-03-07,374.5800,374.9900,369.5310,372.0600,2279800
2014-03-06,374.0500,375.3300,368.9000,372.1600,2926600
2014-03-05,364.1300,372.7280,363.9000,372.3700,3848300
2014-03-04,363.9000,365.6800,362.4600,363.9000,2704400
2014-03-03,358.7350,360.9600,354.4800,359.7800,2798300
2014-02-28,360.6000,365.8650,357.0840,362.1000,3882000
2014-02-27,357.2200,360.5900,355.5000,360.1300,3104900
2014-02-26,359.8600,364.7500,357.1700,359.8000,3622100
2014-02-25,353.0000,361.0800,351.5800,358.3200,3736400
2014-02-24,345.1900,353.0000,343.2900,351.7800,3644700
2014-02-21,352.4400,354.1410,346.7500,346.7600,4210000
2014-02-20,348.8000,350.4600,344.3800,349.8000,3492800
2014-02-19,352.6400,354.5400,346.1000,347.3800,4168100
2014-02-18,355.2800,355.7300,349.4500,353.6500,4998000
2014-02-14,359.3400,359.3400,353.3500,357.3500,3520200
2014-02-13,347.7000,357.2000,346.5000,357.2000,4175000
2014-02-12,356.4300,357.7500,346.3200,349.2500,6587700
2014-02-11,361.8420,363.6100,356.2500,361.7900,3222100
2014-02-10,361.6100,365.0000,359.3500,360.8700,3449700
2014-02-07,358.9800,361.8000,352.4900,361.0800,4330500
2014-02-06,347.4030,354.8200,347.4030,354.5900,3335700
2014-02-05,346.0000,349.3700,337.7300,346.4500,4435400
2014-02-04,349.5900,353.9975,344.0200,347.9500,4812900
2014-02-03,358.9800,360.8500,340.1000,346.1500,10280800
2014-01-31,371.7600,375.4500,357.7600,358.6900,16154800
2014-01-30,393.7700,406.2500,387.7000,403.0100,10473900
2014-01-29,392.1600,392.8500,383.2400,384.2000,3382300
2014-01-28,387.4000,394.7400,387.1200,394.4300,2894500
2014-01-27,390.5000,394.1000,380.4900,386.2800,3936800
2014-01-24,398.1600,400.2000,387.2700,387.6000,4458400
2014-01-23,401.0000,406.1700,397.7900,399.8700,3025400
2014-01-22,408.0000,408.0600,402.0000,404.5400,2060500
2014-01-21,403.0000,407.8000,401.6000,407.0500,3122100
2014-01-17,394.2600,403.4900,393.6600,399.6100,4505100
2014-01-16,393.6800,399.2900,389.4100,395.8000,2601200
2014-01-15,398.9400,399.3100,392.5340,395.8700,2678300
2014-01-14,392.1300,398.6300,391.2900,397.5400,2340100
2014-01-13,397.9800,399.7800,388.4500,390.9800,2844900
2014-01-10,402.5300,403.7640,393.8000,397.6600,2679500
2014-01-09,403.7100,406.8900,398.4400,401.0100,2103000
2014-01-08,398.4700,403.0000,396.0400,401.9200,2316500
2014-01-07,395.0400,398.4700,394.2900,398.0300,1916000
2014-01-06,395.8500,397.0000,388.4200,393.6300,3170600
2014-01-03,398.2900,402.7100,396.2200,396.4400,2210200
2014-01-02,398.8000,399.3600,394.0200,397.9700,2137800
2013-12-31,394.5800,398.8300,393.8000,398.7900,1996500
2013-12-30,399.4100,399.9200,392.4500,393.3700,2487100
2013-12-27,404.6500,405.6300,396.2500,398.0800,1986900
2013-12-26,401.7900,404.5200,396.8100,404.3900,1868500
2013-12-24,402.5200,403.7249,396.3700,399.2000,1380400
2013-12-23,403.6900,405.0000,399.2000,402.9200,2659500
2013-12-20,396.5500,404.7200,395.7800,402.2000,5033900
2013-12-19,394.2700,397.2900,392.6000,395.1900,2427200
2013-12-18,389.2300,396.3000,383.1000,395.9600,3489100
2013-12-17,390.6500,391.3600,386.5000,387.6500,2343900
2013-12-16,385.0300,391.7000,385.0000,388.9700,2251700
2013-12-13,385.3200,389.4200,383.8000,384.2400,3025000
2013-12-12,381.2600,385.0000,379.5000,381.2500,2123700
2013-12-11,387.3400,388.9800,382.0000,382.1900,2451300
2013-12-10,383.7400,389.0600,383.0200,387.7800,2736800
2013-12-09,388.1100,388.2100,382.5700,384.8900,2761800
2013-12-06,388.3500,388.3500,383.8300,386.9500,1984700
2013-12-05,386.6500,386.6500,381.3710,384.4900,1906500
2013-12-04,383.5000,389.6900,381.4914,385.9600,2355300
2013-12-03,390.1100,390.9490,383.1000,384.6600,3702900
2013-12-02,399.0000,399.0000,389.1000,392.3000,4714000
2013-11-29,389.1000,394.0999,388.6200,393.6200,2406000
2013-11-27,383.5000,387.0000,382.6110,386.7100,2269700
2013-11-26,377.6100,382.5000,374.8175,381.3700,2724400
2013-11-25,373.8200,377.7900,373.1800,376.6400,2972300
2013-11-22,370.0000,374.5000,366.3100,372.3100,2965500
2013-11-21,364.0500,369.2500,363.3000,368.9200,1964600
2013-11-20,367.5600,367.5600,360.4500,362.5700,1771500
2013-11-19,365.8200,368.7800,362.5000,364.9400,1904800
2013-11-18,370.2800,373.4900,364.6700,366.1800,2737400
2013-11-15,367.6300,372.9000,365.5500,369.1700,4491600
2013-11-14,357.3900,368.9400,356.4300,367.3960,4159800
2013-11-13,347.4000,356.2200,345.6800,356.2200,2773300
2013-11-12,352.9900,355.4826,347.2820,349.5300,2343100
2013-11-11,350.5900,355.3700,348.0600,354.3780,2261700
2013-11-08,345.9500,351.0500,344.0400,350.3100,2656900
2013-11-07,355.8600,357.9000,341.8800,343.5600,4246300
2013-11-06,360.4500,362.8700,354.5000,356.1800,2282300
2013-11-05,356.7800,360.1700,354.8400,358.8920,2007100
2013-11-04,360.1200,361.0000,354.4000,358.7400,1938400
2013-11-01,365.6300,365.7700,356.1000,359.0020,3331000
2013-10-31,361.7300,366.0000,359.0000,364.0300,2466800
2013-10-30,362.6200,365.0000,358.6500,361.0800,4502200
2013-10-29,358.9600,362.8900,356.2900,362.7000,2185400
2013-10-28,359.9200,362.7500,357.2000,358.1600,3635800
2013-10-25,358.6000,368.4000,352.6200,363.3900,12036800
2013-10-24,329.6300,332.6499,326.7500,332.2100,5884700
2013-10-23,330.8400,331.7200,324.0601,326.7560,2818200
2013-10-22,327.7200,337.1100,325.6800,332.5400,3935500
2013-10-21,329.8900,330.0000,323.8000,326.4400,2522300
2013-10-18,319.3600,331.8900,316.7500,328.9310,5969800
2013-10-17,307.0700,311.0000,305.2400,310.7700,2648400
2013-10-16,308.3800,310.8000,305.5540,310.4900,2170700
2013-10-15,309.8700,310.7900,305.2600,306.4000,2261100
2013-10-14,309.2200,311.6450,307.0000,310.7000,1939100
2013-10-11,304.7700,310.9300,303.8400,310.8890,2163100
2013-10-10,304.6300,306.7000,302.5901,305.1740,2555100
2013-10-09,303.4200,303.4978,296.5025,298.2300,3247400
2013-10-08,311.5000,311.5450,300.2700,303.2300,3166200
2013-10-07,315.2400,315.3399,309.7400,310.0300,2083200
2013-10-04,315.1300,319.2000,312.6200,319.0400,1815000
2013-10-03,320.3900,322.9200,313.0200,314.7600,2674800
2013-10-02,318.0400,321.7300,317.5200,320.5100,2217400
2013-10-01,314.2200,321.0000,313.6500,320.9500,2396400
2013-09-30,313.4100,315.3100,311.0600,312.6400,1623600
2013-09-27,316.9200,317.2100,313.3500,316.0100,1657500
2013-09-26,313.9000,319.3700,313.2600,318.1200,1989900
2013-09-25,314.5300,316.7100,310.7500,312.6500,2008600
2013-09-24,312.4300,318.0799,311.2800,314.1300,2033600
2013-09-23,314.0100,315.9000,308.7710,311.4900,1884900
2013-09-20,312.5400,320.5700,312.4100,316.3400,5302300
2013-09-19,313.7700,314.5400,311.0400,312.0600,2350900
2013-09-18,304.0600,312.7400,302.9100,312.0340,2946400
2013-09-17,297.6300,304.6500,296.0101,304.1700,2296500
2013-09-16,299.8200,301.0000,295.2600,296.0600,1808400
2013-09-13,300.1400,300.2200,296.2010,297.9200,1350600
2013-09-12,299.3900,302.0000,297.6610,298.8600,1606200
2013-09-11,298.9100,301.8600,297.8400,299.6400,1742600
2013-09-10,300.5500,301.0000,297.2200,300.3600,1778400
2013-09-09,297.2200,299.9600,296.6000,299.7100,1643600
2013-09-06,295.3300,298.8800,290.8000,295.8600,2292000
2013-09-05,293.6300,297.0000,292.7100,294.1000,1816600
2013-09-04,288.3300,295.2300,287.5800,293.6400,2438600
2013-09-03,284.7300,291.3900,284.1700,288.8000,2897600
2013-08-30,284.5900,284.8700,280.0000,280.9800,1534700
2013-08-29,281.4500,285.9800,280.0000,283.9800,1566400
2013-08-28,280.3600,283.0000,279.3300,281.5800,1457100
2013-08-27,283.8700,285.2800,279.7400,280.9300,2476000
2013-08-26,290.4300,291.0499,285.6207,286.2100,1711700
2013-08-23,291.2100,291.5000,287.9000,290.0100,1961900
2013-08-22,284.8000,289.8700,284.8000,289.7300,1422600
2013-08-21,285.0900,288.5000,283.8300,284.5700,1815300
2013-08-20,285.8800,289.5150,285.7400,287.0900,1586300
2013-08-19,285.1900,289.5600,283.4800,285.5700,2477400
2013-08-16,286.5500,288.3300,284.5000,284.8200,2422500
2013-08-15,288.7900,289.3000,285.1500,286.4700,2261400
2013-08-14,294.2900,294.2900,290.5400,291.3400,1415000
2013-08-13,295.8800,296.3700,290.6700,293.9700,2349900
2013-08-12,295.7900,299.0800,295.2600,296.6900,1504500
2013-08-09,295.6800,299.2700,294.2987,297.2600,1950300
2013-08-08,298.5200,298.5200,292.5501,295.7400,2343400
2013-08-07,300.1500,300.9900,296.1500,296.9100,1961000
2013-08-06,300.5100,301.3600,297.5200,300.7500,1849000
2013-08-05,303.4000,303.6200,298.3000,300.9900,2233200
2013-08-02,304.6300,305.3300,301.5000,304.2100,2502600
2013-08-01,303.0800,306.2100,298.9050,305.5700,2971700
2013-07-31,303.9100,305.1500,301.0000,301.2200,1891300
2013-07-30,307.7200,309.7833,301.5700,302.4100,3053400
2013-07-29,311.0700,313.0000,305.9000,306.1000,3211800
2013-07-26,299.5500,313.6200,295.5500,312.0100,8817500
2013-07-25,299.0000,304.5000,296.7500,303.4000,5405800
2013-07-24,303.0200,303.8400,298.0400,298.9400,2000500
2013-07-23,303.1600,305.0600,300.5600,301.0600,1999600
2013-07-22,309.2500,309.2500,302.0000,303.4800,2520700
2013-07-19,304.3900,305.7900,301.9100,305.2300,2973100
2013-07-18,306.2700,306.3408,301.8700,304.1100,3063800
2013-07-17,306.9700,308.8000,305.6900,308.6900,2029700
2013-07-16,307.3000,309.3900,305.5119,306.8700,2660200
2013-07-15,307.2700,307.9900,304.3500,306.5700,2245600
2013-07-12,298.6900,307.5500,298.5000,307.5500,4539300
2013-07-11,294.9900,300.6900,292.1000,299.6600,4007300
2013-07-10,291.4100,293.3400,289.4000,292.3300,1810200
2013-07-09,291.0000,292.5700,288.0100,291.5300,2775600
2013-07-08,286.4200,291.6700,286.1400,290.5900,3046700
2013-07-05,285.0000,286.3799,282.0700,285.8800,1985400
2013-07-03,282.6000,285.4000,282.0000,284.0300,1373000
2013-07-02,281.0400,286.5800,280.5900,283.7300,3238200
2013-07-01,279.0000,283.2900,277.1600,282.1000,2888200
2013-06-28,276.1900,279.8300,276.1900,277.6900,3193300
2013-06-27,279.1800,280.2000,274.5400,277.5500,2519500
2013-06-26,273.9800,277.9800,273.5001,277.5700,3029500
2013-06-25,272.3000,273.4700,269.0000,272.0880,2449600
2013-06-24,271.2900,273.1600,265.0000,270.6100,3863800
2013-06-21,274.5700,275.8399,269.7900,273.3600,4201000
2013-06-20,275.1400,278.6000,272.3900,273.4400,2984000
2013-06-19,281.2600,283.3400,277.8700,278.1600,2827500
2013-06-18,279.0800,282.9100,278.1100,281.7600,2146100
2013-06-17,276.3500,280.2000,275.6500,278.0600,2884000
2013-06-14,275.0000,277.0700,273.4420,273.9900,2150800
2013-06-13,271.5000,276.8000,270.2901,275.7900,2649800
2013-06-12,276.6000,276.8000,270.4500,271.6700,2238900
2013-06-11,276.0000,278.4110,274.2400,274.7800,3097800
2013-06-10,276.6800,282.4700,275.2400,281.0700,3086500
2013-06-07,269.7400,280.1000,269.1300,276.8700,4632600
2013-06-06,267.7500,270.5000,264.2100,267.8300,2476300
2013-06-05,265.8100,271.6600,265.0200,267.1700,3512300
2013-06-04,267.0000,268.8800,263.0200,265.7000,2088600
2013-06-03,268.9600,269.1100,262.9500,266.8800,2543900
2013-05-31,266.0000,271.9100,265.9400,269.2000,3374300
2013-05-30,265.7100,268.5700,265.6150,266.8300,1667500
2013-05-29,265.4600,268.2500,264.8440,265.5300,1903400
2013-05-28,266.4800,271.1000,266.0000,267.2900,3471000
2013-05-24,259.8500,261.9300,258.3400,261.7400,1696300
2013-05-23,260.4900,263.1700,259.5900,261.8000,2000300
2013-05-22,267.3900,267.5900,260.8000,262.9600,3332000
2013-05-21,268.7400,270.7700,267.6600,268.8600,1741200
2013-05-20,269.0000,271.7900,266.5000,267.6300,2209000
2013-05-17,265.8300,269.9800,265.0000,269.9000,2527300
2013-05-16,265.9600,268.4300,263.8500,264.1200,1643500
2013-05-15,267.0700,269.0500,264.5600,266.5600,2720500
2013-05-14,264.5000,269.4000,264.0280,268.3300,2700000
2013-05-13,262.7700,265.8800,262.0000,264.5100,2149500
2013-05-10,260.8800,263.6500,260.2100,263.6300,3145300
2013-05-09,258.7300,263.5500,256.8800,260.1600,2769300
2013-05-08,256.8700,260.2950,255.3340,258.6800,2677000
2013-05-07,256.3100,259.7400,252.9101,257.7300,3133700
2013-05-06,258.0900,259.5000,253.4201,255.7200,2347800
2013-05-03,256.1400,259.2500,254.7000,258.0500,3514000
2013-05-02,248.9400,252.9300,245.7800,252.5500,3936200
2013-05-01,253.9000,254.2000,245.7500,248.2300,4391400
2013-04-30,249.3701,254.6800,248.5600,253.8100,4248800
2013-04-29,254.9000,257.0100,249.1500,249.7400,7117000
2013-04-26,269.9700,272.0200,252.8100,254.8100,14030000
2013-04-25,271.5300,275.8000,270.5000,274.7000,6116500
2013-04-24,269.5000,271.4700,266.8100,268.7800,1852800
2013-04-23,264.5000,269.8700,264.5000,268.9000,2270600
2013-04-22,259.3500,264.6000,258.0300,263.5500,2119100
2013-04-19,258.1600,262.8800,257.5000,260.3200,2602500
2013-04-18,266.8100,266.9899,256.6000,259.4200,3137600
2013-04-17,270.8000,270.8500,264.2500,267.4000,3135100
2013-04-16,269.3100,272.8000,268.0600,272.3400,2137200
2013-04-15,271.0800,275.1200,267.1000,267.7200,3326000
2013-04-12,270.1200,273.2700,267.0200,272.8700,2866300
2013-04-11,264.7400,270.9700,264.7400,269.8500,3090500
2013-04-10,261.7800,265.9800,259.3200,264.7700,2322500
2013-04-09,258.8500,262.6100,257.0000,261.1400,2156600
2013-04-08,255.9200,259.6790,255.6300,258.9500,2295600
2013-04-05,255.7200,256.1800,253.6700,255.4800,2557400
2013-04-04,259.2300,260.4100,256.1200,259.0800,1964400
2013-04-03,262.1200,263.6700,257.7500,259.0300,2413800
2013-04-02,262.4000,265.8900,260.5500,263.3220,2631100
2013-04-01,266.9800,267.4000,261.0100,261.6100,2524800
2013-03-28,265.8200,267.3750,264.0600,266.4900,2473700
2013-03-27,258.7500,265.9300,257.9000,265.3000,2874900
2013-03-26,257.0500,261.4800,256.2800,260.3100,2421000
2013-03-25,258.5800,259.4290,254.5000,256.0200,2513900
2013-03-22,254.5500,257.7700,252.0700,257.7500,3124600
2013-03-21,256.1100,257.0000,252.6800,253.3900,2806400
2013-03-20,258.0500,259.7600,254.5501,257.2780,2738900
2013-03-19,258.4000,259.5000,252.6200,256.4100,3738500
2013-03-18,259.3000,261.4900,257.1200,257.8900,2720200
2013-03-15,264.9800,267.2600,260.0500,261.8200,4865900
2013-03-14,269.6700,270.0000,263.5300,265.7400,5226700
2013-03-13,275.2400,276.5000,272.6400,275.1000,1884200
2013-03-12,271.0000,277.4000,270.3601,274.1300,3246200
2013-03-11,273.4300,273.9900,270.4000,271.2400,1904900
2013-03-08,275.0000,275.4400,271.5000,274.1900,1879800
2013-03-07,274.1000,274.8000,271.8500,273.8800,1939000
2013-03-06,275.7600,276.4890,271.8320,273.7900,2050700
2013-03-05,274.0000,276.6800,269.9900,275.5900,3686200
2013-03-04,265.3600,273.3000,264.1400,273.1100,3453000
2013-03-01,263.2700,266.6000,261.0400,265.7400,2957000
2013-02-28,261.8100,267.0000,260.6300,264.2700,2667200
2013-02-27,259.4000,265.8300,256.8600,263.2500,2908100
2013-02-26,260.8900,262.0400,255.7300,259.3600,3348600
2013-02-25,266.9400,268.6940,259.6500,259.8700,3032400
2013-02-22,266.6200,267.1100,261.6100,265.4200,3124800
2013-02-21,265.1200,269.4800,263.2500,265.9400,3637400
2013-02-20,270.2000,274.3000,266.3710,266.4100,3528900
2013-02-19,265.9100,270.1100,264.5000,269.7500,2854200
2013-02-15,267.6300,268.9200,263.1100,265.0900,3979900
2013-02-14,267.3700,270.6500,265.4000,269.2400,3463000
2013-02-13,261.5300,269.9600,260.3000,269.4700,5293000
2013-02-12,259.1900,260.1600,257.0000,258.7000,2943700
2013-02-11,263.2000,263.2500,256.6000,257.2100,3403700
2013-02-08,261.4000,265.2500,260.5550,261.9500,3879200
2013-02-07,264.1000,264.1000,255.1100,260.2300,3975700
2013-02-06,265.1600,266.8900,261.1100,262.2200,2770400
2013-02-05,262.0000,268.0300,261.4600,266.8900,4012900
2013-02-04,262.7800,264.6840,259.0700,259.9800,3723600
2013-02-01,268.9300,268.9300,262.8000,265.0000,6115000
2013-01-31,271.0400,275.9400,263.6991,265.5000,6772100
2013-01-30,283.0000,284.2000,267.1100,272.7640,13075400
2013-01-29,275.3500,275.4600,258.3500,260.3500,10172600
2013-01-28,283.7800,284.4800,274.4000,276.0400,4321400
2013-01-25,275.0000,284.7200,274.4000,283.9900,4968100
2013-01-24,269.3700,276.6500,269.3700,273.6200,3417000
2013-01-23,270.5700,271.0900,266.6500,268.1100,2508900
2013-01-22,271.6200,272.1000,269.2300,270.1900,2137700
2013-01-18,270.8300,274.5000,269.6000,272.1200,2942000
2013-01-17,271.4300,271.9700,269.2100,270.4800,1884600
2013-01-16,270.5300,271.2400,267.8300,268.9300,2065600
2013-01-15,270.6800,272.7300,269.3000,271.9000,2326900
2013-01-14,268.0000,274.2600,267.5400,272.7300,4275000
2013-01-11,265.1000,268.4300,264.1100,267.9400,2413300
2013-01-10,268.5400,268.7400,262.3000,265.3400,2863400
2013-01-09,268.1700,269.5000,265.4010,266.3500,2265600
2013-01-08,267.0700,268.9800,263.5670,266.3800,3010700
2013-01-07,262.9700,269.7250,262.6700,268.4592,4910000
2013-01-04,257.5800,259.8000,256.6500,259.1500,1874200
2013-01-03,257.2700,260.8800,256.3700,258.4800,2750900
2013-01-02,256.0800,258.0999,253.2600,257.3100,3271000
2012-12-31,243.7500,252.4100,242.7500,250.8700,3419000
2012-12-28,245.8500,247.4400,245.0500,245.1800,1858700
2012-12-27,248.2800,249.3500,242.8600,248.3100,3639300
2012-12-26,257.1500,257.4200,248.0400,248.6314,4152700
2012-12-24,257.3000,259.5000,256.9600,258.6200,984400
2012-12-21,257.8200,258.3800,255.7400,256.9200,4704600
2012-12-20,258.3600,262.4100,256.5400,261.5000,2584600
2012-12-19,261.3000,261.6699,257.6800,257.9900,2300000
2012-12-18,254.5700,263.1100,254.5700,260.4000,4961000
2012-12-17,249.8100,254.0000,249.2600,253.8600,2277000
2012-12-14,250.1100,251.9000,247.7900,249.1900,2526900
2012-12-13,251.1100,254.5400,250.0200,251.2500,2460200
2012-12-12,251.0700,254.3600,250.0600,251.7600,2628100
2012-12-11,248.5000,253.4800,246.6500,250.6900,4185200
2012-12-10,253.1000,254.7800,247.3000,247.7700,3503800
2012-12-07,254.1400,255.2100,252.0100,253.2681,2170300
2012-12-06,253.0000,255.1700,251.5100,253.3700,3557900
2012-12-05,252.4400,255.5500,250.3800,253.9600,2852200
2012-12-04,249.9400,253.0000,248.6600,252.4881,3114700
2012-12-03,252.5400,254.1600,250.0000,250.3291,2990600
2012-11-30,250.3800,252.6500,248.2700,252.0500,3797400
2012-11-29,248.0500,252.4800,247.5000,251.2700,5310500
2012-11-28,242.4500,247.2300,241.5040,247.1100,2743400
2012-11-27,243.2200,245.6700,241.5400,243.4017,3048500
2012-11-26,240.3900,244.3190,238.0000,243.6200,4178300
2012-11-23,239.8900,240.0000,236.4800,239.8800,1776800
2012-11-21,233.8400,238.6700,232.7500,238.0300,2959300
2012-11-20,230.0000,233.8200,229.5000,233.7800,2771700
2012-11-19,228.3200,232.5000,227.4500,229.7100,3591200
2012-11-16,221.3100,226.2500,218.6400,225.2300,4352800
2012-11-15,222.3000,225.1600,218.1800,220.5990,3404700
2012-11-14,226.5000,227.4100,222.5100,222.9500,3034100
2012-11-13,225.1200,227.9000,224.7100,226.6000,2629800
2012-11-12,226.5900,229.2199,225.4100,226.4700,2128800
2012-11-09,226.2600,230.9700,224.6002,226.3100,3092500
2012-11-08,232.2200,233.4500,227.1000,227.3500,2982400
2012-11-07,235.6500,235.6600,229.4200,232.0608,3624200
2012-11-06,235.4100,237.7500,234.4500,237.5600,2661300
2012-11-05,232.0400,234.8300,230.1100,234.3300,1846100
2012-11-02,234.0100,237.4000,232.1100,232.4224,3374700
2012-11-01,234.2300,234.5500,231.3400,232.1400,3905100
2012-10-31,236.3200,238.7000,230.5000,232.8931,4797600
2012-10-26,228.6001,238.7100,226.6900,238.2400,11367500
2012-10-25,230.9200,230.9200,222.9200,222.9200,6741300
2012-10-24,235.8800,235.9400,227.9501,228.4900,3678700
2012-10-23,231.0500,236.5000,230.0100,234.3100,4430800
2012-10-22,238.8100,238.9500,232.3200,233.7800,4500000
2012-10-19,245.1600,246.8200,238.9400,240.0000,4395300
2012-10-18,247.7700,250.9100,242.7000,244.8500,5305300
2012-10-17,243.3700,248.7999,243.3000,247.4900,3302700
2012-10-16,244.8700,245.7700,242.0800,243.9400,2204100
2012-10-15,242.8500,244.7760,238.5100,244.1800,2959800
2012-10-12,243.3300,245.4600,241.9100,242.3600,2203200
2012-10-11,248.0000,249.3000,241.8900,244.2200,3447300
2012-10-10,252.0000,252.4600,244.0100,244.9900,3948300
2012-10-09,258.6700,259.3500,250.7300,250.9600,3494800
2012-10-08,257.6700,259.8000,255.5600,259.0600,1762300
2012-10-05,261.2000,261.9000,257.4900,258.5100,2806500
2012-10-04,256.0100,261.5200,255.8700,260.4700,2700400
2012-10-03,251.2100,256.1000,249.5600,255.9200,2745600
2012-10-02,252.8000,253.1500,249.0300,250.6000,2195800
2012-10-01,255.4000,256.1600,250.4900,252.0100,2581200
2012-09-28,256.1400,257.0000,253.2000,254.3200,2456600
2012-09-27,250.5400,257.4000,250.5200,256.5900,3397400
2012-09-26,252.4000,254.6100,248.2300,249.6700,2920500
2012-09-25,256.3300,258.9500,251.0300,252.4600,4405800
2012-09-24,255.2200,255.6000,253.0000,254.8050,2707900
2012-09-21,261.7400,262.0000,256.7400,257.4700,6059300
2012-09-20,260.0300,260.8700,258.0000,260.8100,2913600
2012-09-19,259.4500,262.8400,258.5300,261.6800,2636800
2012-09-18,258.4800,260.5000,257.0000,258.7500,2215000
2012-09-17,261.2500,261.2500,257.0000,258.0000,2306300
2012-09-14,261.4000,264.1100,259.7700,261.2700,3666200
2012-09-13,254.9400,262.0000,253.8000,260.2400,3525600
2012-09-12,256.5000,257.7800,253.5000,255.6300,2273200
2012-09-11,257.6000,257.6000,254.2600,255.6700,2524800
2012-09-10,259.0000,260.0000,256.8200,257.0900,2567200
2012-09-07,253.8500,259.4200,253.5200,259.1400,5029500
2012-09-06,248.2300,252.7000,247.2000,251.3800,5361400
2012-09-05,247.6100,248.6100,245.3000,246.2200,2652600
2012-09-04,248.2700,251.0000,244.6600,247.8800,3950800
2012-08-31,248.0700,249.4500,245.5001,248.2700,3347500
2012-08-30,246.9900,250.0000,245.2500,246.2200,3647500
2012-08-29,246.7800,247.6100,244.5900,247.1200,1772600
2012-08-28,243.9700,246.7799,243.0000,246.1100,2742300
2012-08-27,245.7900,247.5000,243.1200,243.9200,2929700
2012-08-24,241.6800,246.8700,241.3600,245.7400,3698800
2012-08-23,242.1400,243.4800,239.0200,241.1980,2453900
2012-08-22,239.4000,244.9000,238.8000,243.1000,2473700
2012-08-21,240.8800,243.8500,238.5500,239.4500,2571500
2012-08-20,241.3736,241.6500,238.2000,240.3500,1889900
2012-08-17,240.6000,243.3500,240.4700,241.1700,3085800
2012-08-16,237.7200,242.8250,236.2000,241.5500,4312100
2012-08-15,232.2600,238.1400,232.2500,237.4200,3264700
2012-08-14,234.7100,236.7200,232.6207,233.1900,2751000
2012-08-13,232.2300,234.3676,231.0000,232.4400,1997300
2012-08-10,233.0800,234.8500,231.4300,232.7500,1852500
2012-08-09,233.9300,235.9900,233.5000,234.0600,1548100
2012-08-08,235.2900,236.4500,233.5920,234.3800,1534300
2012-08-07,234.1300,238.0000,233.2500,236.5600,2058300
2012-08-06,235.5600,235.7400,233.8100,233.9900,1843700
2012-08-03,234.0300,236.4900,233.0300,234.9700,2825300
2012-08-02,230.5600,234.3400,228.6600,230.8100,3048100
2012-08-01,234.1400,234.3800,230.7001,232.0900,2543800
2012-07-31,235.1000,236.3000,231.6100,233.3000,3453600
2012-07-30,237.0000,240.7400,234.0700,236.0900,3736400
2012-07-27,225.2500,238.3400,224.5000,237.3200,11313900
2012-07-26,220.0000,221.4500,214.9500,220.0100,6937400
2012-07-25,222.0000,222.5000,215.9100,217.0500,3646700
2012-07-24,226.2700,226.6100,221.2300,223.0400,5008700
2012-07-23,224.7200,226.5800,221.5400,226.0100,5515100
2012-07-20,225.3600,229.3900,225.2950,228.2900,4170000
2012-07-19,220.7300,227.5000,220.6900,226.1700,5449400
2012-07-18,216.1500,218.6700,215.7100,217.4700,2093000
2012-07-17,217.4500,217.9400,213.9600,216.9300,1987000
2012-07-16,216.6000,218.3100,214.4600,216.0100,2004200
2012-07-13,215.6300,219.3100,213.8800,218.3900,2221900
2012-07-12,216.6100,217.3000,212.6100,215.3600,2616200
2012-07-11,218.9500,221.7400,215.3400,218.3700,2734700
2012-07-10,226.2500,227.1400,218.2800,219.5000,2982100
2012-07-09,225.0000,226.0000,223.4500,225.0500,1922000
2012-07-06,226.3500,228.9000,224.1800,225.0500,3203200
2012-07-05,228.6200,230.5000,226.5300,227.0600,2682300
2012-07-03,229.1400,229.5300,227.5900,229.5300,1331700
2012-07-02,229.3000,229.3400,226.3400,229.3200,2330700
2012-06-29,224.7000,228.3500,223.7100,228.3500,3614400
2012-06-28,223.9200,224.6200,218.7500,221.3100,2994800
2012-06-27,225.0100,227.5000,223.3000,225.6200,2799200
2012-06-26,221.4500,226.3900,221.4500,225.6100,3754100
2012-06-25,220.3000,221.5900,218.0000,220.0700,2382300
2012-06-22,221.8300,222.5100,219.3500,222.1600,2187500
2012-06-21,223.8400,226.0300,220.5200,220.5750,2843000
2012-06-20,224.5100,224.7400,220.8400,223.0200,2444400
2012-06-19,223.2600,225.2000,221.6600,224.0300,2716600
2012-06-18,217.2800,223.7600,216.7300,222.6600,3369600
2012-06-15,215.2900,219.3300,214.4600,218.3500,3785200
2012-06-14,215.2600,216.5000,212.5600,214.4500,3060900
2012-06-13,215.5200,217.3800,213.5200,214.7300,2325200
2012-06-12,217.6500,218.0000,214.5222,216.4200,2833300
2012-06-11,217.4900,220.8700,215.2000,216.5000,3749100
2012-06-08,218.6100,219.4200,216.6600,218.4800,2877000
2012-06-07,219.6500,221.4900,218.1100,218.8000,3503900
2012-06-06,214.6300,218.4000,214.5200,217.6400,2710100
2012-06-05,213.8500,216.8600,211.1600,213.2100,3543900
2012-06-04,207.4000,215.3500,206.3700,214.5700,4299600
2012-06-01,208.4400,211.2300,207.3000,208.2200,3951500
2012-05-31,209.4800,213.7878,207.1100,212.9100,4944000
2012-05-30,212.1400,212.9800,207.7520,209.2300,4078200
2012-05-29,214.3000,216.5500,212.2900,214.7500,2693900
2012-05-25,214.9900,215.9800,212.2200,212.8900,2171400
2012-05-24,216.9800,217.6600,212.7000,215.2400,3141100
2012-05-23,214.7100,217.5500,211.1800,217.2800,4243800
2012-05-22,218.3100,218.8700,213.9600,215.3300,3733100
2012-05-21,214.0300,219.9800,212.8200,218.1100,3579800
2012-05-18,219.4100,219.6300,212.8100,213.8500,5231700
2012-05-17,225.0500,226.0000,218.0900,218.3600,4505500
2012-05-16,225.0000,228.0000,222.5000,224.0600,5261800
2012-05-15,226.5000,230.6100,223.0000,224.3900,5713700
2012-05-14,225.6000,227.2900,222.5100,222.9300,3096600
2012-05-11,225.9500,230.6800,225.7300,227.6800,4193600
2012-05-10,223.9100,229.0800,221.9500,226.6900,4648400
2012-05-09,220.5900,225.7800,220.1600,222.9800,3712000
2012-05-08,223.1500,225.3900,218.2000,223.9000,4522400
2012-05-07,222.3600,226.8675,222.2900,225.1600,3314300
2012-05-04,227.8000,229.7199,223.7400,223.9900,4585200
2012-05-03,229.7400,232.5300,228.0300,229.4500,4055500
2012-05-02,227.8200,231.4400,227.4000,230.2500,4593400
2012-05-01,229.4000,232.9700,228.4000,230.0400,6754900
2012-04-30,223.9500,233.8400,223.0500,231.9000,9756900
2012-04-27,224.8300,228.6900,220.2200,226.8500,22116900
2012-04-26,193.5700,196.3600,193.0200,195.9900,10234000
2012-04-25,191.6700,194.8000,191.6000,194.4200,3955100
2012-04-24,188.6800,190.7000,186.5100,190.3300,3376300
2012-04-23,188.9900,188.9900,185.5100,188.2400,3481000
2012-04-20,192.3400,193.4800,189.8000,189.9800,3243600
2012-04-19,192.9300,194.5500,189.7500,191.1000,4002400
2012-04-18,188.8200,193.4500,188.7400,191.0700,4001900
2012-04-17,187.2100,190.0400,186.8700,188.3900,2829200
2012-04-16,189.0100,189.4700,183.6500,185.5000,4044300
2012-04-13,189.9000,189.9400,186.2600,188.4600,3431800
2012-04-12,188.0600,192.2600,185.6100,190.6900,4027900
2012-04-11,189.6300,191.9700,186.7900,187.9700,4337800
2012-04-10,192.7500,193.5200,186.5700,186.9800,4455000
2012-04-09,192.0200,194.2000,190.5000,191.8700,3135900
2012-04-05,193.5500,196.0300,193.5500,194.3900,3217500
2012-04-04,196.9500,197.6800,192.3600,193.9900,5456900
2012-04-03,198.2400,202.3900,197.5000,199.6600,5000700
2012-04-02,198.0200,199.9000,197.0000,198.0500,6430300
2012-03-30,205.0200,206.8500,201.8700,202.5100,4438100
2012-03-29,201.2800,205.3100,200.6300,204.6100,5711200
2012-03-28,206.1400,207.0000,200.3100,201.1600,6245000
2012-03-27,203.5900,209.8500,202.8800,205.4400,9600800
2012-03-26,196.4800,202.9700,195.5000,202.8700,7613700
2012-03-23,192.0100,196.2000,191.8000,195.0400,5984000
2012-03-22,190.5400,194.0600,190.2600,192.4000,3739600
2012-03-21,192.5000,194.2800,191.2600,191.7300,4214400
2012-03-20,184.8800,194.4100,182.8800,192.3300,9165400
2012-03-19,183.4500,186.6800,183.0000,185.5200,3903400
2012-03-16,183.2800,185.6800,182.3500,185.0500,4934000
2012-03-15,182.0200,184.4300,180.3000,184.4300,4160100
2012-03-14,183.6500,184.3199,181.1400,182.2600,3699700
2012-03-13,183.9200,184.8700,180.7700,184.5900,4405800
2012-03-12,184.1300,185.4000,182.2000,183.3900,2587600
2012-03-09,186.7900,187.2000,183.4400,184.3200,4510600
2012-03-08,184.1700,188.3800,183.8000,187.6400,4221500
2012-03-07,182.6500,185.5000,182.4000,183.7700,4951500
2012-03-06,178.6800,183.5000,178.0400,181.0900,5612200
2012-03-05,179.0000,181.8200,178.1800,180.2600,4682700
2012-03-02,179.4800,181.8400,178.9180,179.3000,3657800
2012-03-01,179.8900,180.4900,176.5800,180.0400,4936000
2012-02-29,183.8900,184.0000,179.0100,179.6900,5300300
2012-02-28,178.9000,184.2900,177.9500,183.8000,5764500
2012-02-27,177.5400,179.1900,176.5000,178.5300,3706200
2012-02-24,179.7000,180.7400,178.3700,179.1300,3668700
2012-02-23,178.7800,180.7500,176.9600,178.8900,5153800
2012-02-22,181.9500,182.9900,180.2900,180.5800,5785400
2012-02-21,182.6500,184.7500,180.5768,182.2600,6756500
2012-02-17,180.0900,183.4100,179.3600,182.5000,7418100
2012-02-16,177.7900,181.6800,175.1400,179.9300,12563800
2012-02-15,191.2900,191.5400,183.2600,184.4700,7794400
2012-02-14,191.0800,193.5700,186.1000,191.3000,9527100
2012-02-13,187.1700,192.4993,185.6800,191.5900,6071400
2012-02-10,183.4200,187.6300,182.5200,185.5400,5797100
2012-02-09,184.5000,185.6900,181.7600,184.9800,7189200
2012-02-08,184.9500,186.4900,182.9100,185.4800,5476600
2012-02-07,182.6500,184.9400,182.0600,184.1900,5103900
2012-02-06,186.2800,186.5600,182.9201,183.1400,5310000
2012-02-03,182.8300,187.9000,181.8900,187.6800,8120500
2012-02-02,179.6500,181.9362,176.8000,181.7200,8736300
2012-02-01,173.8100,179.9500,172.0000,179.4600,21336600
2012-01-31,194.0000,195.6300,189.7000,194.4400,12772200
2012-01-30,193.6800,195.0000,190.1300,192.1500,5424100
2012-01-27,193.0900,196.5000,192.3300,195.3700,4659000
2012-01-26,189.3000,194.8500,188.7300,193.3160,5873600
2012-01-25,186.9900,188.1700,184.6100,187.8000,4306400
2012-01-24,185.0000,188.4100,183.8200,187.0000,4673800
2012-01-23,190.7900,191.7300,185.2300,186.0900,4585300
2012-01-20,190.7100,192.9000,189.0400,190.9300,5610300
2012-01-19,190.8800,195.9400,190.3600,194.4500,7096000
2012-01-18,181.9400,190.2500,181.1200,189.4400,7473500
2012-01-17,180.1500,183.3000,178.5100,181.6600,5644500
2012-01-13,175.8100,178.8000,173.5000,178.4200,4753500
2012-01-12,179.4200,179.4900,175.7500,175.9300,5385800
2012-01-11,179.6400,180.7700,178.1900,178.9000,3102700
2012-01-10,181.1000,182.4000,177.1000,179.3400,3985800
2012-01-09,182.7600,184.3700,177.0000,178.5600,5056900
2012-01-06,178.0700,184.6500,177.5000,182.6100,7008400
2012-01-05,175.9400,178.2500,174.0500,177.6100,3809100
2012-01-04,179.2100,180.5000,176.0650,177.5100,4205200
2012-01-03,175.8900,179.4750,175.5500,179.0300,5110800
2011-12-30,173.3600,175.1700,172.4900,173.1000,4279800
2011-12-29,169.6200,174.5500,166.9700,173.8600,8209300
2011-12-28,176.3900,176.6500,172.2800,173.8900,3659500
2011-12-27,177.7300,178.5947,176.1600,176.2700,2950900
2011-12-23,179.2200,179.6800,175.6000,177.2800,3496500
2011-12-22,175.0900,179.6700,174.2100,179.0300,4694900
2011-12-21,181.9200,183.5000,172.4900,174.3500,8066700
2011-12-20,182.6900,183.1700,180.5400,182.5200,4600100
2011-12-19,182.0000,183.1700,179.0000,179.3300,4533600
2011-12-16,182.4200,184.4100,180.3100,181.2600,6664100
2011-12-15,182.0500,184.7990,179.5300,181.2600,7259900
2011-12-14,179.0000,180.7500,170.2500,180.2100,11614200
2011-12-13,188.5600,189.6800,178.5000,180.5100,9297300
2011-12-12,190.0300,191.1500,187.6300,189.5200,4343200
2011-12-09,191.2100,193.9500,188.4000,193.0300,5158800
2011-12-08,193.5700,195.8900,190.0800,190.4800,4361100
2011-12-07,191.0300,196.7100,189.1200,195.3200,6427300
2011-12-06,195.9800,198.3200,190.1100,191.9900,5202000
2011-12-05,198.8600,199.0000,193.6677,196.2400,5922100
2011-12-02,197.0700,199.6600,195.1800,196.0300,7526200
2011-12-01,191.8500,198.0750,191.5900,197.1300,7327700
2011-11-30,194.7600,195.3000,188.7500,192.2900,7717000
2011-11-29,194.7800,195.5000,187.3000,188.3900,6575100
2011-11-28,191.6500,194.6197,190.5400,194.1500,7207300
2011-11-25,190.4100,190.8300,181.5100,182.3990,4972000
2011-11-23,193.0600,194.6000,187.8900,188.9900,8011300
2011-11-22,186.9500,194.0400,183.5800,192.3400,9915600
2011-11-21,193.2900,193.3600,185.0500,189.2500,11321200
2011-11-18,205.3300,205.3400,197.1100,197.1400,8437500
2011-11-17,212.5100,212.9000,202.1000,204.5200,7983100
2011-11-16,216.2701,216.9700,211.2300,211.9900,5509400
2011-11-15,218.0000,220.3275,214.2600,217.8300,5739000
2011-11-14,215.6500,222.3500,214.2500,218.9300,6522200
2011-11-11,212.5200,217.8800,210.3100,217.3900,5163100
2011-11-10,213.5000,214.0592,208.1000,210.7900,5044600
2011-11-09,214.9500,215.7000,210.6000,211.2200,4680600
2011-11-08,219.2000,219.3500,215.2100,217.9900,3914500
2011-11-07,216.8400,220.2000,214.0000,217.0000,3860000
2011-11-04,217.6500,218.2300,214.3308,216.4800,4065800
2011-11-03,216.3050,218.5000,213.0200,218.2900,5315000
2011-11-02,215.5500,216.7900,212.7200,215.6200,6122000
2011-11-01,208.1100,216.2100,207.4300,212.1050,8511800
2011-10-31,215.7900,218.8900,213.0400,213.5100,7343300
2011-10-28,206.5300,218.4000,205.7500,217.3200,9880400
2011-10-27,204.2600,208.6000,201.1000,206.7800,10774300
2011-10-26,203.6900,207.5800,196.5100,198.4000,24134200
2011-10-25,238.5900,239.0100,225.8900,227.1500,14012600
2011-10-24,236.0200,240.4700,234.0000,237.6100,4975800
2011-10-21,236.9100,236.9999,230.6000,234.7800,4572500
2011-10-20,232.1300,234.7390,229.8000,233.6100,4524900
2011-10-19,240.6700,243.3300,229.2500,231.5300,6715100
2011-10-18,242.3100,244.6100,236.6240,243.8800,4609700
2011-10-17,244.2901,246.7100,240.6700,242.3300,4779000
2011-10-14,240.8700,246.7100,240.1800,246.7100,5923700
2011-10-13,237.0000,239.6800,235.2300,236.1500,4833500
2011-10-12,236.6400,241.8400,234.3300,236.8100,6510800
2011-10-11,230.6000,236.7500,229.0000,235.4800,5003700
2011-10-10,226.2300,232.8000,224.1000,231.3200,5143100
2011-10-07,222.4800,227.9000,218.4100,224.7400,6784300
2011-10-06,220.2800,223.6200,217.5500,221.5100,6849300
2011-10-05,212.5300,220.1700,208.4810,219.4980,6508200
2011-10-04,209.6200,215.0000,200.4300,212.5000,8711600
2011-10-03,217.0100,221.6000,211.3900,211.9800,6624400
2011-09-30,218.1900,223.0000,215.2100,216.2300,6550300
2011-09-29,234.1700,234.3000,216.2900,222.4400,9378500
2011-09-28,226.3500,235.8100,225.6000,229.7100,14436900
2011-09-27,234.2200,234.7500,222.4000,224.2100,7837500
2011-09-26,227.4800,230.2400,221.4000,229.8500,5794100
2011-09-23,220.5100,224.4900,219.0610,223.6100,6468100
2011-09-22,224.7200,228.7900,219.0000,223.2300,8254600
2011-09-21,234.5100,240.5200,231.8100,231.8700,5881500
2011-09-20,240.8000,241.0500,231.0300,233.2500,7385500
2011-09-19,237.1100,244.0000,232.8801,241.6900,8223300
2011-09-16,227.5700,240.4400,226.7400,239.3000,11753000
2011-09-15,223.9900,227.2000,221.2500,226.7800,5608800
2011-09-14,220.2200,224.9900,216.7240,222.5700,5881700
2011-09-13,217.7900,219.9500,215.0100,219.5300,4835900
2011-09-12,212.6600,216.6600,208.6500,216.5600,5342100
2011-09-09,215.0500,216.9600,209.7500,211.3900,4574300
2011-09-08,218.3000,220.6400,216.3400,217.2600,4397900
2011-09-07,218.8000,220.1900,214.2200,219.9000,5295800
2011-09-06,204.7700,216.6000,204.4700,216.1800,6216200
2011-09-02,208.9400,210.6900,207.0000,210.0000,4232000
2011-09-01,215.2800,217.6400,211.6200,212.5400,5275300
2011-08-31,212.2700,216.1700,211.3500,215.2300,7405000
2011-08-30,205.7800,212.4900,204.3214,210.9200,5915700
2011-08-29,202.8200,206.6700,202.5500,206.5300,4511000
2011-08-26,191.2400,199.7200,189.6000,199.2700,5310700
2011-08-25,194.4100,196.9900,191.0700,192.0300,3760800
2011-08-24,193.8900,196.3100,190.1700,193.7300,6248700
2011-08-23,178.9200,194.8400,178.5200,193.5500,7351600
2011-08-22,182.8300,184.2000,177.1000,177.5400,5313700
2011-08-19,180.2900,190.0000,177.5500,178.9300,7244200
2011-08-18,191.2100,191.3400,179.7200,182.5200,8275200
2011-08-17,198.5300,199.6000,193.7400,195.9300,3991100
2011-08-16,201.1400,201.3900,194.7500,197.6800,5205900
2011-08-15,202.0600,205.2800,198.3200,202.9500,4785900
2011-08-12,200.2800,204.5600,197.2100,202.3000,5620400
2011-08-11,197.0088,200.8500,191.3600,198.3600,7401900
2011-08-10,200.7600,202.4000,193.6000,194.1300,8757600
2011-08-09,196.7000,205.0900,190.4600,205.0900,10491200
2011-08-08,196.4000,200.3900,190.0500,193.7000,10427500
2011-08-05,204.6700,207.3200,194.8400,202.7000,10024000
2011-08-04,206.7300,208.0000,201.4500,201.4800,6579500
2011-08-03,212.9700,214.8300,205.5400,209.9600,8197100
2011-08-02,220.3200,222.4300,211.3000,211.7000,6586700
2011-08-01,225.0000,227.4500,217.6600,221.3200,5789300
2011-07-29,221.2900,225.7500,219.5100,222.5200,5167700
2011-07-28,223.2700,225.9500,220.2300,223.9000,5354900
2011-07-27,224.3900,227.2000,219.6200,222.5180,12955600
2011-07-26,214.9900,215.6000,210.3500,214.1800,9863600
2011-07-25,215.4900,216.0800,213.0000,213.4900,3342800
2011-07-22,213.8600,217.9490,211.1100,216.5200,3591700
2011-07-21,216.7400,217.0900,211.0700,213.2100,4545300
2011-07-20,220.0500,220.2000,214.4100,215.5500,3372900
2011-07-19,213.7700,218.4000,213.7700,218.0600,4437200
2011-07-18,212.5300,213.3900,208.2900,211.5300,2898100
2011-07-15,213.0800,214.5300,209.2900,212.8700,4072600
2011-07-14,213.5800,215.9100,209.3800,210.3800,3902500
2011-07-13,214.7000,216.8300,212.1400,213.5000,4229900
2011-07-12,214.6400,215.6500,211.1200,211.2300,3985700
2011-07-11,216.7400,217.5000,211.0000,212.5500,4033700
2011-07-08,214.3000,218.3200,213.2500,218.2800,3707900
2011-07-07,215.0900,217.8000,215.0900,216.7400,3144900
2011-07-06,212.1200,214.4000,211.0101,214.1900,2607600
2011-07-05,208.7600,214.4500,208.7300,213.1900,3585200
2011-07-01,205.5500,210.2700,203.6100,209.4900,4008700
2011-06-30,200.7800,205.2000,200.5000,204.4900,4448100
2011-06-29,202.6700,206.2500,201.0300,204.1800,4608900
2011-06-28,201.9200,202.8800,200.6000,202.3500,3825300
2011-06-27,194.5000,202.5800,194.0300,201.2500,6100700
2011-06-24,193.8800,194.9200,191.3500,192.5500,3614500
2011-06-23,189.5000,194.4600,188.3000,194.1600,4609600
2011-06-22,193.9600,195.2000,191.3200,191.6300,3129700
2011-06-21,188.3000,195.0000,187.1200,194.2300,4182600
2011-06-20,185.9600,188.8520,185.5700,187.7200,2831700
2011-06-17,186.5100,187.3900,184.6400,186.3700,6322200
2011-06-16,185.7400,187.0000,181.5900,183.6500,6032100
2011-06-15,188.0400,192.4500,185.3000,185.9800,6317700
2011-06-14,188.9900,190.7200,187.0700,189.9600,3960300
2011-06-13,186.8100,189.3100,184.8600,186.2900,3868900
2011-06-10,189.2500,190.7700,186.2800,186.5300,3760400
2011-06-09,189.7400,191.7600,185.7100,189.6800,4187300
2011-06-08,187.4499,189.8100,186.3200,188.0500,3716600
2011-06-07,185.7200,190.6300,185.5200,187.5500,4866500
2011-06-06,187.2200,189.8500,185.1800,185.6900,3716000
2011-06-03,191.2300,193.2100,187.6200,188.3200,4974500
2011-06-02,192.2800,194.4400,190.5600,193.6500,3044900
2011-06-01,196.0600,197.2600,192.0500,192.3950,3445200
2011-05-31,195.9400,198.4400,195.0300,196.6900,3409000
2011-05-27,194.7600,196.1200,193.5000,194.1300,2352600
2011-05-26,191.2400,196.4500,190.8800,195.0000,4075200
2011-05-25,193.5700,194.3500,191.1400,192.2600,4661300
2011-05-24,197.0000,197.0000,193.0000,193.2700,2972700
2011-05-23,195.5600,197.2900,192.0200,196.2200,4200000
2011-05-20,197.9500,199.8000,197.2400,198.6500,3381000
2011-05-19,198.3300,199.9500,197.5500,198.8050,3701200
2011-05-18,194.1300,198.2830,193.2500,197.0900,4955800
2011-05-17,191.8166,195.9800,191.7600,194.8100,7073300
2011-05-16,200.5400,200.9000,191.3700,192.5100,9386400
2011-05-13,205.7000,206.3900,202.3600,202.5600,4123700
2011-05-12,204.2200,206.1852,200.6200,206.0700,4800000
2011-05-11,203.1200,205.5000,202.2500,204.3800,4809000
2011-05-10,201.9400,205.2900,201.5600,203.9400,5885900
2011-05-09,198.3400,202.3600,196.7800,200.8000,5825400
2011-05-06,199.1000,199.5600,196.5600,197.6000,4013900
2011-05-05,198.6600,201.0000,196.1200,197.1100,4600000
2011-05-04,198.2500,201.8600,195.3700,199.9700,6550000
2011-05-03,201.0000,202.5900,196.6900,198.4500,6100000
2011-05-02,196.5700,203.4200,196.1800,201.1900,9398100
2011-04-29,194.3800,196.5900,193.7800,195.8100,6640900
2011-04-28,195.9600,196.7900,192.2700,195.0700,7300000
2011-04-27,183.2000,197.8000,182.7500,196.6300,23623000
2011-04-26,186.2700,186.4200,180.7380,182.3000,11200000
2011-04-25,185.6500,186.3500,183.7700,185.4200,3438100
2011-04-21,184.5600,185.9700,183.0460,185.8900,3348100
2011-04-20,181.6200,185.0000,181.5900,183.8700,4067500
2011-04-19,178.3500,179.4700,176.6000,178.8200,2646000
2011-04-18,178.3800,178.9100,175.3700,178.3400,4616500
2011-04-15,181.0000,181.7800,179.0196,180.0100,4272400
2011-04-14,181.3900,182.0800,179.3600,181.8200,3588200
2011-04-13,180.8300,182.8800,179.8000,182.2900,4216300
2011-04-12,183.0600,184.5900,179.4200,180.4800,5334500
2011-04-11,184.8600,186.4900,181.8500,184.0400,3297100
2011-04-08,185.2600,186.2200,182.7800,184.7100,3726400
2011-04-07,182.7800,185.1700,181.7600,184.9100,4564000
2011-04-06,186.1500,188.2700,181.1200,182.7600,5430700
2011-04-05,182.1050,186.3600,181.8000,185.2900,5569200
2011-04-04,180.8900,183.6100,180.6900,182.9400,4186400
2011-04-01,181.5800,183.2500,178.5900,180.1300,5684100
2011-03-31,179.3100,181.5700,178.5000,180.1300,4826500
2011-03-30,177.7800,181.1600,177.6600,179.4200,6859300
2011-03-29,170.7300,174.8400,170.0700,174.6200,4884600
2011-03-28,171.8000,172.5000,169.2500,169.3500,3400800
2011-03-25,171.6400,173.4900,170.3000,170.9800,4293800
2011-03-24,168.2100,172.0000,167.3600,171.1000,6283200
2011-03-23,162.3000,166.2600,160.8200,165.3200,4721300
2011-03-22,164.0700,164.4400,162.2500,162.6000,3611400
2011-03-21,163.3700,165.7900,161.7200,164.5250,4055100
2011-03-18,161.1900,163.5400,160.5900,161.8200,7442700
2011-03-17,165.9100,166.3000,160.7800,160.9700,6471400
2011-03-16,164.7000,168.1400,162.8701,164.7000,5208100
2011-03-15,161.3900,166.8800,160.7600,165.0800,4934500
2011-03-14,166.6000,168.0800,164.5700,166.7300,4022000
2011-03-11,165.5000,169.2000,164.1200,168.0700,4609900
2011-03-10,167.0700,168.4700,164.8200,166.1400,5998400
2011-03-09,166.6700,169.7500,163.9000,169.0500,7108900
2011-03-08,169.3900,169.7100,166.7200,166.8900,4219000
2011-03-07,171.9200,172.0900,166.2400,169.0800,5932900
2011-03-04,172.6200,172.7500,169.5100,171.6700,4924300
2011-03-03,173.7100,174.4600,172.0500,172.7900,4138200
2011-03-02,169.0900,173.3000,168.3500,172.0200,5185700
2011-03-01,173.5300,173.9600,168.6700,169.4400,5847100
2011-02-28,173.9100,175.8900,172.1500,173.2900,6783200
2011-02-25,178.9500,180.7500,177.1000,177.2400,4191400
2011-02-24,176.8600,179.7500,174.5600,177.7500,4656500
2011-02-23,180.2500,181.1500,174.3900,176.6800,5482000
2011-02-22,183.6800,184.7200,179.3200,180.4200,5637100
2011-02-18,187.5400,188.5000,185.1300,186.5000,4178600
2011-02-17,185.7700,189.0900,185.3100,187.7600,3425500
2011-02-16,189.7700,190.0000,186.3500,186.6200,4628200
2011-02-15,188.7300,190.4900,188.2500,189.0300,3890900
2011-02-14,189.2500,191.4000,188.3500,190.4200,4061300
2011-02-11,185.5619,189.5000,185.3700,189.2500,4487900
2011-02-10,184.3900,187.2400,183.6000,186.2100,5331400
2011-02-09,183.1500,186.4700,182.2600,185.3000,8312700
2011-02-08,176.6600,183.1100,176.5900,183.0600,7794900
2011-02-07,176.1500,177.5500,174.7700,176.4300,5254700
2011-02-04,174.0000,177.1900,173.7500,175.9300,4347800
2011-02-03,173.5000,174.6700,171.9500,173.7100,3678900
2011-02-02,171.4200,175.2000,170.8700,173.5300,4547500
2011-02-01,170.5200,173.1000,169.5100,172.1100,5085900
2011-01-31,170.1600,171.4400,167.4100,169.6400,6718100
2011-01-28,171.4500,173.7100,166.9000,171.1400,19908200
2011-01-27,177.4800,185.0000,177.3100,184.4500,14594400
2011-01-26,177.5100,177.8900,174.6300,175.3900,3762200
2011-01-25,175.5017,176.7500,174.2800,176.7000,4651000
2011-01-24,177.9500,178.4900,174.1475,176.8500,5600300
2011-01-21,183.0001,183.2500,176.8400,177.4200,6806200
2011-01-20,185.2900,186.8500,181.0000,181.9600,5709900
2011-01-19,190.9000,191.0000,186.2100,186.8700,3882400
2011-01-18,188.6600,191.6000,188.2500,191.2500,3896200
2011-01-14,185.5000,188.9400,184.9200,188.7500,3662800
2011-01-13,183.6000,186.4500,183.5100,185.5300,3367000
2011-01-12,185.3600,185.3800,183.3000,184.0800,2679100
2011-01-11,185.4200,186.0000,183.2100,184.3400,2814200
2011-01-10,185.0400,185.2900,182.5100,184.6800,3375900
2011-01-07,187.8800,188.4500,183.7400,185.4900,5221700
2011-01-06,186.5000,187.4100,185.2500,185.8600,3179700
2011-01-05,184.1000,187.4500,184.0700,187.4200,3418800
2011-01-04,186.1500,187.6995,183.7800,185.0100,5031800
2011-01-03,181.3700,186.0000,181.2100,184.2200,5331400
2010-12-31,181.9600,182.3000,179.5100,180.0000,3451900
2010-12-30,183.9200,184.5500,182.7500,182.7500,1961200
2010-12-29,181.8000,184.3500,180.4100,183.3700,3120100
2010-12-28,182.1000,182.7700,181.0500,181.0900,1975000
2010-12-27,181.9019,183.1400,180.4500,182.1400,2249400
2010-12-23,184.3400,184.9800,181.8905,182.5900,3358200
2010-12-22,185.0000,185.4500,184.1100,184.7600,2578100
2010-12-21,183.8800,185.6500,182.6001,184.7500,5111000
2010-12-20,179.2700,183.9800,178.0400,183.2900,8735300
2010-12-17,178.4100,178.7500,177.0200,177.5800,4507300
2010-12-16,175.5800,178.3000,175.0400,178.0400,4121500
2010-12-15,173.7200,179.0000,173.5909,175.5700,5810500
2010-12-14,174.2800,175.7600,173.0900,173.9400,3685300
2010-12-13,176.3300,177.9400,173.7300,174.2500,4202500
2010-12-10,174.8800,175.9500,173.3600,175.6200,3565500
2010-12-09,177.7700,178.1100,173.8000,174.8500,4555500
2010-12-08,177.4900,178.1600,175.2000,176.2900,3726900
2010-12-07,180.5000,181.4700,176.5700,176.7700,5077100
2010-12-06,175.5200,178.4300,174.6000,178.0500,5654200
2010-12-03,175.5000,176.4000,174.0500,175.6800,4907500
2010-12-02,176.8600,177.4500,173.9200,176.5300,5537600
2010-12-01,179.1600,179.3200,176.0000,176.5500,5770100
2010-11-30,176.9500,177.7000,174.9000,175.4000,6762200
2010-11-29,179.9900,181.8425,177.5700,179.4900,9695000
2010-11-26,177.3600,178.3800,176.1600,177.2000,4271600
2010-11-24,171.5300,177.8900,171.5300,177.2500,10042500
2010-11-23,168.6100,168.8100,164.6200,168.2000,6465300
2010-11-22,165.1000,170.6000,165.0000,170.3900,6142500
2010-11-19,163.9500,164.9900,162.8400,164.8200,4464800
2010-11-18,160.7401,165.0000,160.7401,164.1700,6225300
2010-11-17,157.8400,160.8500,157.5500,158.3500,4524900
2010-11-16,158.7400,160.9100,156.7700,157.7800,6571400
2010-11-15,165.1600,165.3500,158.5600,158.9000,9648600
2010-11-12,170.1200,171.2600,165.0500,165.6800,7160600
2010-11-11,171.0000,172.0500,169.4201,170.3700,5691700
2010-11-10,170.5900,173.3700,169.4100,173.3300,5440300
2010-11-09,172.6700,173.1400,169.0600,170.2700,3978600
2010-11-08,170.8400,173.2000,168.7800,171.9900,5706000
2010-11-05,169.3500,171.6500,168.5900,170.7700,5212200
2010-11-04,169.8600,172.5300,168.4000,168.9300,7395900
2010-11-03,165.4000,168.6100,162.2900,168.4700,6112100
2010-11-02,163.7500,165.9400,163.3600,164.6100,4260000
2010-11-01,164.4500,164.5800,161.5200,162.5800,5239900
2010-10-29,165.8000,168.5000,164.8100,165.2300,4998500
2010-10-28,168.3100,168.4900,165.0500,166.8400,4684400
2010-10-27,168.9100,169.7500,166.5400,167.5100,5721800
2010-10-26,167.5701,171.0000,167.5000,169.9500,4689600
2010-10-25,171.5700,171.9900,168.3200,169.0000,6530900
2010-10-22,162.4500,170.1700,162.2700,169.1300,16318400
2010-10-21,162.6700,166.1300,161.2900,164.9700,13482500
2010-10-20,158.7800,159.8700,156.5700,158.6700,5790400
2010-10-19,160.6800,162.8000,157.0000,158.6700,7525000
2010-10-18,165.0000,165.1900,161.8200,163.5600,6331300
2010-10-15,158.4199,164.8800,156.7500,164.6400,10135500
2010-10-14,155.1600,156.9499,154.2300,155.5300,4024100
2010-10-13,156.6900,156.7900,153.8500,155.1700,5632800
2010-10-12,152.5100,156.9500,151.4000,156.4800,5280800
2010-10-11,154.8900,156.6300,152.3400,153.0300,4486400
2010-10-08,155.1800,156.2800,152.7800,155.5500,6918400
2010-10-07,156.5100,157.4000,153.3900,156.2700,4622000
2010-10-06,160.6000,160.6800,154.6000,155.4000,6060800
2010-10-05,157.0800,161.2100,157.0100,160.8700,5620000
2010-10-04,153.9500,155.9600,152.7900,155.3900,5346500
2010-10-01,157.0600,157.4400,152.2000,153.7100,8683400
2010-09-30,160.0100,160.9300,155.6000,157.0600,7606000
2010-09-29,159.0300,161.7800,157.7500,158.9900,7287500
2010-09-28,159.8400,160.8800,154.8900,159.7000,8494200
2010-09-27,160.2200,161.2000,157.8800,159.3700,6446300
2010-09-24,155.4300,160.8900,155.4200,160.7300,10590600
2010-09-23,151.2000,155.9200,150.9700,152.8500,7065600
2010-09-22,149.8400,152.7000,149.1000,151.8300,6612400
2010-09-21,150.7600,153.3100,149.6000,150.7300,7542000
2010-09-20,148.7000,151.9500,147.3500,151.3048,6449400
2010-09-17,148.9000,148.9800,146.5000,148.3250,7259600
2010-09-16,145.4000,148.2300,145.1600,148.1300,5827000
2010-09-15,144.8800,145.6200,143.5600,145.4500,4903600
2010-09-14,144.5000,146.7000,143.8320,145.7500,4319400
2010-09-13,144.0700,145.7400,143.7600,145.0700,5077400
2010-09-10,140.7500,142.6001,140.0400,142.4400,5043600
2010-09-09,140.3872,141.3700,139.2600,140.3800,4958000
2010-09-08,137.9300,139.7000,136.4500,139.1400,5828500
2010-09-07,137.5600,138.6000,136.8900,137.2200,3883000
2010-09-03,136.8900,139.5000,136.6250,138.7900,6581200
2010-09-02,132.1700,135.2100,132.0500,135.2100,5407400
2010-09-01,126.3600,132.5990,126.1700,132.4900,7138300
2010-08-31,122.8500,125.9000,122.5000,124.8300,4225600
2010-08-30,126.0300,126.9500,123.6900,123.7900,3426000
2010-08-27,125.4600,126.6400,122.2500,126.6400,5080000
2010-08-26,127.1500,127.5900,124.8200,124.8600,4694500
2010-08-25,123.8500,127.3700,123.8300,126.8500,5344500
2010-08-24,125.4100,125.4400,123.1800,124.5300,5369700
2010-08-23,127.8600,129.2200,126.5000,126.6000,3861300
2010-08-20,127.2000,128.0400,126.0200,127.7600,4170100
2010-08-19,129.2200,130.0200,126.8200,127.5700,5582500
2010-08-18,129.2500,130.8100,128.2600,129.6500,7901500
2010-08-17,127.3400,129.9800,126.7900,128.8600,5044700
2010-08-16,123.6100,127.3700,123.0400,126.0700,4024700
2010-08-13,126.0600,127.4800,124.2600,124.6900,3976600
2010-08-12,123.7600,127.0000,123.5500,126.5600,4367900
2010-08-11,128.1000,128.1200,125.2000,125.8900,5541700
2010-08-10,127.9500,130.0000,127.3800,130.0000,5706900
2010-08-09,128.4600,129.9300,127.8501,128.8300,5085800
2010-08-06,126.7200,128.4000,125.9000,128.3200,5065200
2010-08-05,126.7700,128.0000,125.8200,127.8300,4282300
2010-08-04,123.0600,128.4700,123.0000,127.5800,9270800
2010-08-03,120.0000,122.8700,119.6800,122.4200,5953800
2010-08-02,119.1500,120.3800,117.5700,120.0700,5443700
2010-07-30,115.5300,118.7400,114.5100,117.8900,7077500
2010-07-29,117.9900,118.8700,115.5200,116.8600,6175800
2010-07-28,117.0000,118.2000,116.4000,117.1300,5472300
2010-07-27,118.4300,118.5000,115.0658,117.1300,7796100
2010-07-26,118.2600,118.6000,114.8800,118.4000,11137800
2010-07-23,105.9250,119.2800,105.8000,118.8700,42421100
2010-07-22,118.7100,120.8700,118.0200,120.0700,15003400
2010-07-21,120.6200,121.2500,117.2600,117.4300,5011700
2010-07-20,120.6100,120.7100,117.5100,120.1000,6785000
2010-07-19,118.3800,120.7400,117.0000,119.9400,5030900
2010-07-16,121.2800,121.9200,118.0100,118.4900,6227900
2010-07-15,120.1300,122.4800,119.2600,122.0600,6047700
2010-07-14,123.0300,123.7500,121.4749,123.3000,5257000
2010-07-13,120.6900,124.8800,120.3000,123.6500,7091100
2010-07-12,117.8100,119.7000,117.3200,119.5100,4783600
2010-07-09,116.5500,117.4000,114.6500,117.2600,4065100
2010-07-08,115.0200,117.4800,114.0700,116.2200,6775000
2010-07-07,109.8400,113.6300,109.8100,113.4300,4941000
2010-07-06,110.6500,112.5300,109.0000,110.0600,5219300
2010-07-02,110.9200,111.2900,108.5600,109.1400,4477100
2010-07-01,108.9000,111.6900,106.7000,110.9600,8529800
2010-06-30,108.5800,112.6800,108.1100,109.2600,9740700
2010-06-29,116.2600,116.4800,106.0100,108.6100,12866300
2010-06-28,118.8500,120.0400,117.1000,117.8000,5612200
2010-06-25,118.1400,121.7600,117.6260,121.0000,5769700
2010-06-24,120.6100,120.8500,116.8000,118.3300,7771100
2010-06-23,122.1100,123.2200,120.0400,121.4500,5455100
2010-06-22,122.6500,125.2300,121.5500,122.3070,6207200
2010-06-21,126.7900,127.4800,121.4100,122.5500,5327700
2010-06-18,126.4800,127.4800,125.0700,125.8300,3836000
2010-06-17,126.7400,127.8000,124.6900,125.8900,3479000
2010-06-16,125.3900,127.9800,125.3650,126.9000,3964300
2010-06-15,123.2000,126.9200,122.5000,126.8400,4541000
2010-06-14,124.2400,125.7000,123.5000,123.8300,3923000
2010-06-11,121.3900,123.5300,120.2900,123.0300,4204600
2010-06-10,120.0000,123.5000,119.2000,123.2100,6061800
2010-06-09,120.3100,121.4700,117.3600,117.9100,7369200
2010-06-08,122.0000,122.0000,115.8000,118.8350,11484400
2010-06-07,125.8400,126.6060,121.6744,122.0100,6566400
2010-06-04,126.3300,128.2000,122.1800,122.7700,5497700
2010-06-03,126.2500,129.1500,124.8500,128.7600,5276900
2010-06-02,124.0200,126.4300,121.6500,126.3100,4764700
2010-06-01,124.9700,126.5720,123.0200,123.2400,3659500
2010-05-28,126.0700,127.6000,124.0100,125.4600,3954800
2010-05-27,124.9800,126.8500,120.6000,126.7000,4747700
2010-05-26,125.0500,125.7900,122.3000,123.2100,6964600
2010-05-25,118.5400,125.1900,118.5000,124.8600,6913400
2010-05-24,122.5700,124.5000,120.6500,122.1200,4535900
2010-05-21,117.8950,124.9700,117.5200,122.7200,7966900
2010-05-20,122.6400,125.0000,118.7800,119.7100,8594400
2010-05-19,125.5100,127.9300,123.8000,124.5900,6463300
2010-05-18,130.1400,131.2500,125.5100,126.2800,5256900
2010-05-17,128.2400,129.9500,125.8000,128.9100,5642200
2010-05-14,130.3600,131.0000,126.7600,128.5330,5277800
2010-05-13,133.9300,136.9900,131.0000,131.4700,5940200
2010-05-12,131.4100,134.1300,129.6800,133.8700,5904500
2010-05-11,129.9500,133.0800,128.4700,130.4600,6044100
2010-05-10,129.7300,132.2100,129.2600,131.2900,6806100
2010-05-07,127.9700,131.1800,123.7600,124.9800,11927600
2010-05-06,130.0000,132.3300,120.6000,128.7100,10189000
2010-05-05,128.0000,131.6100,127.5500,130.9300,9458100
2010-05-04,135.6225,135.8100,128.3800,129.8300,12667800
2010-05-03,137.2000,139.4400,136.1100,137.4900,5654600
2010-04-30,141.4000,141.4000,136.9100,137.1000,6113500
2010-04-29,140.0900,142.4500,139.7900,141.7300,6314200
2010-04-28,142.5900,142.7500,138.6900,139.3500,9235300
2010-04-27,145.5500,146.4400,141.1100,142.0200,8639000
2010-04-26,143.2000,147.7300,142.9000,147.1100,9318300
2010-04-23,145.3800,149.0900,142.4200,143.6300,18975200
2010-04-22,147.0100,151.0900,145.8800,150.0900,15165800
2010-04-21,145.1700,149.0000,143.5219,146.4300,7374400
2010-04-20,143.8300,144.6400,142.1000,144.2000,4311700
2010-04-19,142.3500,143.6700,139.1300,142.4300,6022000
2010-04-16,144.8800,147.1700,141.4500,142.1710,8396800
2010-04-15,144.5500,147.0900,144.0000,145.8200,7829600
2010-04-14,140.3400,144.5000,139.2000,144.2800,7900300
2010-04-13,141.2300,141.9800,139.1200,140.1600,4785500
2010-04-12,140.0000,142.9150,139.6800,141.2000,5445300
2010-04-09,140.7200,141.3300,139.0700,140.0600,6011100
2010-04-08,134.7100,141.2500,134.7100,140.9600,12689100
2010-04-07,135.9600,136.0800,133.8600,134.8700,5945400
2010-04-06,131.2300,136.0000,131.1800,135.5600,7950300
2010-04-05,132.8500,133.7400,130.7800,131.4900,5816500
2010-04-01,135.8000,136.5100,131.1800,131.8100,8785800
2010-03-31,136.0000,136.8000,134.4800,135.7700,4600600
2010-03-30,135.7400,138.1900,135.3600,136.5790,6192700
2010-03-29,135.3700,136.6300,134.3300,135.1200,4626900
2010-03-26,134.8950,136.9900,133.7600,135.0600,6565700
2010-03-25,129.6101,136.9100,128.0400,134.7300,16209600
2010-03-24,128.6400,129.4000,127.2000,128.0400,4696400
2010-03-23,130.8900,130.9400,128.0700,129.2600,4213100
2010-03-22,130.2000,130.9600,128.6400,130.4700,5383400
2010-03-19,133.7100,133.7100,129.6600,130.3500,8905000
2010-03-18,131.0200,132.8500,130.4400,132.7600,5021300
2010-03-17,132.4100,132.6940,131.2200,131.3400,4358800
2010-03-16,131.2400,132.2900,130.5000,131.7900,4132500
2010-03-15,131.7000,132.0000,128.6300,131.1300,6329200
2010-03-12,134.2000,134.2000,131.1800,131.8200,6150800
2010-03-11,130.4500,133.6200,130.3600,133.5800,7240800
2010-03-10,129.1100,131.1700,128.4800,130.5100,5625700
2010-03-09,129.5900,130.8100,127.9700,128.8200,6070800
2010-03-08,128.3000,130.8500,127.7100,130.1100,5605900
2010-03-05,129.1300,129.4500,127.0700,128.9100,6769300
2010-03-04,125.9600,128.8500,125.5700,128.5300,7509700
2010-03-03,125.4000,126.9400,124.4300,125.8900,6440400
2010-03-02,125.0100,127.3500,124.8000,125.5300,12097500
2010-03-01,118.8500,124.6600,117.5300,124.5400,13296500
2010-02-26,117.8800,119.4300,117.0000,118.4000,5721600
2010-02-25,118.1700,118.3400,115.8500,118.2000,9533400
2010-02-24,117.9600,119.8000,117.1500,119.7200,7389900
2010-02-23,118.0100,119.2500,116.5100,117.2400,7068200
2010-02-22,117.3700,118.9700,116.1800,118.0100,6807300
2010-02-19,117.9100,119.0900,117.0000,117.5200,7115600
2010-02-18,115.8386,118.5100,114.8200,118.0800,9800100
2010-02-17,117.0750,117.1300,115.5500,116.3100,8944800
2010-02-16,120.0600,120.5000,117.1800,117.5300,8932700
2010-02-12,118.9900,119.9400,117.5000,119.6600,8073500
2010-02-11,117.2100,120.4201,116.5000,120.0900,8343500
2010-02-10,118.0000,118.6100,116.0000,117.3600,6233200
2010-02-09,118.2000,119.0900,117.0000,118.0300,9223000
2010-02-08,119.3750,121.0000,116.5600,116.8300,9890200
2010-02-05,115.8800,117.6500,114.1000,117.3900,11024800
2010-02-04,118.6400,120.3300,115.7400,115.9400,12784000
2010-02-03,117.1200,119.6100,116.5600,119.1000,12405900
2010-02-02,118.7900,118.9800,114.4000,118.1200,23079700
2010-02-01,123.1800,124.8600,113.8200,118.8700,37774400
2010-01-29,129.7700,131.8499,124.1400,125.4100,29471300
2010-01-28,124.4300,127.2000,122.8000,126.0300,27293100
2010-01-27,121.0300,123.3300,118.8000,122.7500,14765300
2010-01-26,120.5600,122.9800,119.0610,119.4800,9559000
2010-01-25,122.1000,122.2800,118.1200,120.3100,12023900
2010-01-22,125.6000,127.6700,120.7600,121.4300,11568900
2010-01-21,127.2600,128.1500,125.0000,126.6200,9970600
2010-01-20,127.1300,129.2000,125.0800,125.7800,9074700
2010-01-19,126.2000,128.0000,124.3300,127.6100,8892600
2010-01-15,129.1800,129.6500,127.0600,127.1400,15376500
2010-01-14,129.1400,130.3800,126.4000,127.3500,9774900
2010-01-13,127.9021,129.7100,125.7500,129.1100,10723200
2010-01-12,128.9900,129.8200,126.5500,127.3500,9096300
2010-01-11,132.6200,132.8000,129.2100,130.3080,8779400
2010-01-08,130.5600,133.6800,129.0300,133.5200,9830500
2010-01-07,132.0100,132.3200,128.8000,130.0000,11030200
2010-01-06,134.6000,134.7300,131.6500,132.2500,7178800
2010-01-05,133.4300,135.4790,131.8100,134.6900,8851900
2010-01-04,136.2500,136.6100,133.1400,133.9000,7599900
2009-12-31,137.0900,137.2800,134.5200,134.5200,4523000
2009-12-30,138.4000,138.4000,135.2800,136.4900,6913200
2009-12-29,141.2900,142.5800,138.5500,139.4100,8400600
2009-12-28,139.7500,141.9800,138.5300,139.3100,8763900
2009-12-24,139.2000,139.7000,137.5400,138.4700,5128800
2009-12-23,134.8000,139.0500,134.3500,138.9400,9546100
2009-12-22,133.7600,135.9900,132.6500,133.7500,8257500
2009-12-21,130.4800,133.2000,130.1900,132.7900,9473600
2009-12-18,127.9100,128.7900,125.6474,128.4800,9605400
2009-12-17,129.3600,130.0800,126.9000,126.9100,8476500
2009-12-16,130.9300,131.4500,127.6500,128.3600,10261300
2009-12-15,130.7600,132.4600,129.5912,130.2300,7428800
2009-12-14,132.5000,132.6100,129.3500,131.3800,10022900
2009-12-11,136.0700,136.2900,133.2000,134.1500,8046700
2009-12-10,132.4100,136.1900,132.4000,135.3800,11343600
2009-12-09,134.6000,134.7100,129.8200,131.3100,12632900
2009-12-08,134.3000,136.0800,132.8700,134.1100,8002800
2009-12-07,138.0000,139.0000,133.8400,134.2100,7837000
2009-12-04,143.4200,143.4500,135.1100,137.5800,14827400
2009-12-03,143.6200,145.9100,140.7700,141.1700,16523500
2009-12-02,139.1500,142.6700,138.9600,142.2500,11798000
2009-12-01,136.9700,139.3500,135.7500,138.5000,9657600
2009-11-30,132.1900,136.0800,132.1600,135.9100,10119500
2009-11-27,130.3000,133.0000,129.8800,131.7400,4422600
2009-11-25,133.3100,134.2000,132.4000,134.0300,5071200
2009-11-24,133.5700,134.3300,132.2200,132.9400,7319700
2009-11-23,131.0500,133.0000,131.0000,133.0000,6878100
2009-11-20,127.7600,129.9900,127.4100,129.6600,6652600
2009-11-19,130.5400,130.5400,128.4800,128.9900,5998200
2009-11-18,130.9000,131.4100,129.5300,131.2900,5213500
2009-11-17,131.3999,131.8500,129.3200,131.2500,7748000
2009-11-16,132.1200,134.5600,130.9800,131.5900,9018300
2009-11-13,131.1600,132.9900,129.7500,132.9700,7376800
2009-11-12,129.9800,132.1500,129.9800,130.5300,7210100
2009-11-11,131.0800,131.3100,128.3300,129.9100,7434200
2009-11-10,126.8000,130.6100,126.0000,130.1500,10529300
2009-11-09,127.1100,128.3200,125.5910,126.6700,8624200
2009-11-06,123.0000,126.9800,122.6700,126.2000,13226000
2009-11-05,117.4600,120.9500,116.2500,120.6100,9086800
2009-11-04,119.0000,119.2499,116.7600,117.1000,7617500
2009-11-03,117.6700,118.8800,116.6300,118.3700,9478500
2009-11-02,118.6600,119.5000,116.7100,118.8400,11280000
2009-10-30,121.9699,122.9000,118.2100,118.8100,13312200
2009-10-29,123.9000,124.3000,120.1200,122.5770,12821800
2009-10-28,121.5700,125.1200,120.7600,121.6400,16887700
2009-10-27,122.9300,124.2600,119.4200,122.0700,20304200
2009-10-26,119.2100,125.6800,118.4900,124.6399,32271200
2009-10-23,111.0500,119.6500,110.6200,118.4900,58305800
2009-10-22,93.6600,94.1000,91.7000,93.4500,16518500
2009-10-21,95.2700,96.6300,92.9106,93.4200,7761200
2009-10-20,95.9100,96.1000,94.2700,94.9800,7777600
2009-10-19,95.3500,96.2780,94.2500,94.6800,6017400
2009-10-16,95.3000,96.1200,93.6100,95.3200,7038400
2009-10-15,95.1300,97.0600,95.0800,96.0100,6242100
2009-10-14,96.2200,97.8200,96.0200,97.4600,5556800
2009-10-13,93.8300,95.2500,93.6801,94.8300,4720000
2009-10-12,96.1700,96.2500,93.0700,93.6000,5591400
2009-10-09,95.0000,95.9500,94.2600,95.7100,4694000
2009-10-08,94.8000,96.7200,94.2300,95.2200,9674300
2009-10-07,91.5000,94.4800,91.1500,93.9700,7445100
2009-10-06,89.3300,91.0800,88.4000,90.9100,6963700
2009-10-05,90.2500,90.9300,88.2700,88.6700,7028500
2009-10-02,90.0500,91.1400,89.5800,89.8500,5039400
2009-10-01,92.5000,92.9000,90.3700,91.0400,6645100
2009-09-30,92.2600,94.1700,91.4300,93.3600,8539200
2009-09-29,91.9600,92.3300,90.1000,91.7200,4393900
2009-09-28,91.0400,92.8100,90.6000,92.2100,3508000
2009-09-25,91.4400,92.2500,89.7500,90.5200,4256800
2009-09-24,92.0000,92.7100,90.7700,92.1100,5075100
2009-09-23,92.8200,94.5000,92.2200,92.3800,5685300
2009-09-22,91.4600,94.1900,91.1000,93.7500,8264900
2009-09-21,89.6900,90.7600,88.4800,90.5600,4209300
2009-09-18,90.7400,91.0000,89.4700,90.2800,6769500
2009-09-17,90.7500,91.1900,89.0000,90.4400,7872700
2009-09-16,85.9100,90.9800,85.9000,90.7000,13114300
2009-09-15,84.1700,84.4100,82.7900,83.5500,4446800
2009-09-14,83.8100,84.5700,83.4600,83.8600,3572000
2009-09-11,84.4400,84.9000,83.7600,84.5400,6006900
2009-09-10,82.3300,84.0700,82.3000,83.8500,7023100
2009-09-09,80.5999,82.6300,80.5000,82.2400,6776200
2009-09-08,79.8600,81.0400,78.8700,80.9000,7037600
2009-09-04,78.2700,79.7800,77.6300,78.8700,4671500
2009-09-03,78.3900,78.9600,77.5100,78.4600,4140200
2009-09-02,79.0350,80.1500,77.8000,78.1400,6512700
2009-09-01,80.7400,82.4200,79.0000,79.1600,6245800
2009-08-31,81.9300,81.9500,80.3500,81.1900,5263800
2009-08-28,84.7800,84.9900,82.5700,82.7600,4620700
2009-08-27,84.0100,84.8500,83.1400,84.3100,3997700
2009-08-26,84.1000,84.7600,83.3800,84.0000,3613800
2009-08-25,84.6600,86.3400,83.9500,84.1900,4791000
2009-08-24,85.1700,85.5900,84.2400,84.5000,4723200
2009-08-21,84.7800,85.0600,83.5400,85.0000,6130700
2009-08-20,82.9800,84.3500,82.6600,84.0900,5375000
2009-08-19,80.9100,83.0000,80.4900,83.0000,5170600
2009-08-18,81.4100,82.6898,80.7900,82.1200,5884400
2009-08-17,81.1600,81.7800,80.2500,81.0600,6888600
2009-08-14,84.1100,84.1700,82.7800,83.5800,4924700
2009-08-13,85.7200,86.3700,84.0700,84.6000,5712400
2009-08-12,83.4200,86.6000,83.3800,85.9600,5619400
2009-08-11,83.6400,84.4000,82.4500,83.5600,5025000
2009-08-10,85.0100,85.4700,83.2700,84.4400,4440600
2009-08-07,84.1000,85.9600,84.1000,85.3200,5628000
2009-08-06,84.3100,84.8400,83.0500,84.4700,4693000
2009-08-05,85.6400,85.7500,83.0200,84.2900,7279400
2009-08-04,87.4800,87.4800,84.9300,85.8000,6177900
2009-08-03,86.5600,88.2000,86.5600,87.4400,6663000
2009-07-31,85.7600,86.7500,84.6200,85.7600,5886900
2009-07-30,85.6400,87.2500,85.1700,86.0900,7253200
2009-07-29,84.4700,85.5000,83.5200,84.3400,6502900
2009-07-28,83.8400,85.6400,82.6000,84.9800,8774900
2009-07-27,86.2400,86.4900,83.5600,84.2400,11279300
2009-07-24,87.6000,88.9000,85.5000,86.4900,19204600
2009-07-23,89.8400,94.4000,89.5900,93.8700,19162100
2009-07-22,88.6500,89.2276,87.7800,88.7900,5329600
2009-07-21,88.5200,89.0100,87.4000,89.0100,7728600
2009-07-20,86.2700,88.8800,86.2600,88.2300,6056600
2009-07-17,85.8000,86.5000,85.2000,85.8500,5051600
2009-07-16,84.4200,86.2400,83.7200,86.1100,5361900
2009-07-15,83.0000,84.6400,82.7800,84.5500,6339000
2009-07-14,81.4800,82.4200,80.4200,81.9500,4543600
2009-07-13,78.0700,81.6500,78.0100,81.4700,8050200
2009-07-10,77.5200,78.8200,76.1700,77.6300,5976100
2009-07-09,78.2500,78.5400,76.8200,78.1000,6359500
2009-07-08,76.4600,77.9300,75.7000,77.3600,8540700
2009-07-07,78.5300,78.6900,75.4100,75.6300,6491500
2009-07-06,78.4500,78.8900,76.5400,78.1000,7368800
2009-07-02,81.1100,81.3700,78.5100,79.3200,7218600
2009-07-01,84.4200,84.5000,81.3700,81.6000,6981200
2009-06-30,83.6200,84.9200,82.4700,83.6600,7984800
2009-06-29,83.8700,84.2000,82.4100,83.0300,6270300
2009-06-26,81.9000,84.1400,81.1300,83.8800,8775300
2009-06-25,79.1000,82.2300,79.0300,82.2000,7360400
2009-06-24,78.0000,80.5300,77.8000,79.2700,6081400
2009-06-23,78.9700,79.0950,76.2500,77.6800,7415500
2009-06-22,82.4100,82.4300,78.5600,79.1500,9744400
2009-06-19,82.1500,83.4600,81.5000,82.9600,5438200
2009-06-18,82.8100,82.9500,81.0000,81.5950,5453100
2009-06-17,82.5000,84.3000,80.6400,82.6500,7785100
2009-06-16,83.7000,83.9500,81.2800,82.1500,5465800
2009-06-15,82.8300,83.3000,81.0000,83.1800,5401800
2009-06-12,85.0300,85.2000,82.0100,84.0800,6223000
2009-06-11,86.3000,87.4900,85.0500,85.6900,5009700
2009-06-10,87.5800,88.5600,84.8300,86.5900,6073600
2009-06-09,86.9300,87.6700,86.1700,87.0800,4475100
2009-06-08,86.7500,87.1800,85.1100,86.3600,5602100
2009-06-05,86.2900,87.9500,85.3000,87.5600,8263500
2009-06-04,85.4200,86.4000,84.5700,85.5200,5465400
2009-06-03,83.3100,85.7100,83.1300,85.6800,7603400
2009-06-02,82.4200,85.4500,82.1000,84.9300,9397000
2009-06-01,78.2100,84.8000,77.4900,83.0500,10796500
2009-05-29,77.7200,78.0100,76.4000,77.9900,5072200
2009-05-28,77.7000,79.1000,75.8800,77.6500,4943100
2009-05-27,78.5100,79.5000,76.7500,77.1000,5567100
2009-05-26,75.0300,78.4800,74.5500,78.3900,6699600
2009-05-22,76.1000,77.0400,75.0200,75.6400,3484700
2009-05-21,76.6850,77.9700,75.4000,75.9600,5640500
2009-05-20,78.5000,81.1100,77.4200,77.9700,7351000
2009-05-19,75.4300,78.9600,75.1200,77.8700,8028900
2009-05-18,73.9600,75.9600,73.1000,75.9500,6829100
2009-05-15,74.5400,76.2100,73.4200,73.6000,8011700
2009-05-14,73.7900,76.0600,73.3100,75.1100,9343600
2009-05-13,76.2500,76.6503,74.0100,74.1900,8770500
2009-05-12,78.7000,78.9700,76.5300,77.9300,5548700
2009-05-11,76.8000,79.8500,76.0100,78.6100,6872300
2009-05-08,79.6900,80.2300,76.3100,77.9500,8193000
2009-05-07,82.7300,82.7500,77.8800,79.2800,9632100
2009-05-06,82.8800,83.6000,79.6600,81.9900,8604000
2009-05-05,81.0100,82.0000,80.1900,81.9000,5870300
2009-05-04,80.2600,81.3500,78.8500,79.7700,7019300
2009-05-01,80.3800,80.3800,77.8500,78.9600,6121700
2009-04-30,80.9300,82.6700,79.8900,80.5200,8537600
2009-04-29,82.9900,82.9900,79.2600,79.7900,9735100
2009-04-28,82.6800,85.3500,82.4000,82.4000,7924000
2009-04-27,83.8800,84.9800,82.2100,83.1200,9705900
2009-04-24,82.0300,86.6800,80.7300,84.4600,23484300
2009-04-23,81.3300,82.0600,79.0800,80.6100,16187700
2009-04-22,78.1700,82.1800,77.8100,79.2000,8775500
2009-04-21,77.3300,79.1000,77.2900,78.7400,7162200
2009-04-20,78.4400,79.7900,76.8300,77.5700,8686900
2009-04-17,76.7800,78.7200,75.8800,78.0500,7426000
2009-04-16,75.3300,77.4800,75.1600,77.2500,7467800
2009-04-15,75.5000,75.8100,73.5100,74.7100,9412800
2009-04-14,78.0000,79.4600,76.9400,77.2200,6160400
2009-04-13,79.8400,79.9700,77.8500,78.9400,6212200
2009-04-09,77.5100,80.0000,77.2600,79.7700,7082300
2009-04-08,75.9300,77.1100,74.5703,76.9800,5653000
2009-04-07,76.9700,77.0800,74.8800,75.5100,5748800
2009-04-06,77.2600,78.3600,76.0000,77.9900,5751300
2009-04-03,76.4200,78.3200,75.5000,78.1700,5809900
2009-04-02,73.6300,77.2400,73.4400,76.3400,11066900
2009-04-01,73.0150,75.0900,71.7100,73.5000,7041400
2009-03-31,72.6100,74.5000,72.1200,73.4400,8918200
2009-03-30,70.4000,71.6700,69.7500,71.4400,8373100
2009-03-27,71.6100,72.2900,70.1000,70.5200,8568800
2009-03-26,73.4700,74.9800,72.6400,73.6900,6657700
2009-03-25,73.0900,73.9500,69.8400,72.4000,7895600
2009-03-24,74.8500,75.0000,72.3100,72.6300,7457900
2009-03-23,71.3600,75.6100,70.7000,75.5800,8612400
2009-03-20,70.3900,70.8900,69.0800,69.9600,8468100
2009-03-19,71.4000,71.9100,69.2400,70.1000,8819100
2009-03-18,70.9800,73.9100,70.1300,71.2500,10401700
2009-03-17,67.3700,71.7050,67.0000,71.3500,11902800
2009-03-16,68.6500,69.2950,66.6800,66.9800,9437300
2009-03-13,69.6600,69.7400,67.5300,68.6300,8903400
2009-03-12,68.3500,69.8699,67.2500,69.5800,11348900
2009-03-11,66.2400,69.3700,65.2700,68.5400,13881700
2009-03-10,62.4900,65.9000,61.7801,65.7100,15435700
2009-03-09,62.2000,64.0300,60.1500,60.4900,13561400
2009-03-06,65.2000,65.5000,59.8200,61.6900,15093800
2009-03-05,64.0800,65.8000,63.6000,64.7700,11770300
2009-03-04,62.8000,65.7900,62.4000,64.8100,11960900
2009-03-03,62.7500,63.2900,61.3000,61.7000,9691600
2009-03-02,63.9400,65.5200,61.5100,61.9900,10511900
2009-02-27,61.2650,65.0800,60.9400,64.7900,11488300
2009-02-26,64.1200,64.7300,62.3400,62.3400,7275300
2009-02-25,64.9000,65.7500,62.8200,63.7100,9122100
2009-02-24,61.9900,66.1000,61.8900,65.6000,10271400
2009-02-23,64.1600,64.9100,61.5200,61.7100,7336000
2009-02-20,61.0700,64.1500,60.8400,63.8600,9354500
2009-02-19,62.8400,64.1800,61.6700,61.9500,6768900
2009-02-18,62.2706,62.7800,60.5200,62.3500,7366000
2009-02-17,61.6700,62.6500,61.1800,61.6700,7126100
2009-02-13,63.9700,64.6800,62.8700,63.2600,4130900
2009-02-12,63.2500,64.2500,61.7100,63.9600,8095500
2009-02-11,63.1000,64.9000,62.2500,64.3540,8347300
2009-02-10,66.1500,67.2300,63.0700,63.3100,10700600
2009-02-09,66.5300,67.3600,65.3800,66.7100,9437600
2009-02-06,63.1800,67.0000,63.1800,66.5500,12044900
2009-02-05,61.1500,63.8100,60.6300,63.1800,10169600
2009-02-04,63.3800,63.4400,60.8300,61.0600,13726300
2009-02-03,60.7500,64.2000,60.0000,63.5900,14694600
2009-02-02,58.5700,62.0000,58.1300,61.1500,19324300
2009-01-30,57.4300,59.7400,57.2400,58.8200,39783100
2009-01-29,49.9600,51.8500,49.1400,50.0000,17966800
2009-01-28,49.7200,51.4900,48.9700,50.3600,8056600
2009-01-27,49.3000,50.4200,47.7200,48.4400,8738200
2009-01-26,50.1800,50.8900,48.5200,49.6300,7155700
2009-01-23,48.9000,51.4200,48.4500,50.6300,5793300
2009-01-22,49.4200,50.8800,48.2600,49.9400,7133300
2009-01-21,49.5000,50.6900,48.2500,50.5400,5829500
2009-01-20,50.7000,51.7000,48.2700,48.4400,6767200
2009-01-16,51.8000,52.3300,49.5300,51.5900,8258200
2009-01-15,48.5600,52.2300,47.6300,51.4400,11617300
2009-01-14,50.1000,50.1000,48.1400,48.4900,10442600
2009-01-13,50.9600,53.2900,50.7500,51.4500,7883200
2009-01-12,54.1200,54.3000,50.8700,51.9200,9556300
2009-01-09,56.9200,57.0000,54.7000,55.5100,6684100
2009-01-08,54.9900,57.3200,54.5800,57.1600,6577900
2009-01-07,56.2900,56.9500,55.3500,56.2000,7942700
2009-01-06,54.5500,58.2200,53.7500,57.3600,11080100
2009-01-05,55.7300,55.7400,53.0300,54.0600,9509800
2009-01-02,51.3500,54.5300,51.0700,54.3600,7296400
2008-12-31,50.7400,51.6900,49.9100,51.2800,7792200
2008-12-30,49.5100,51.2100,48.7400,50.7600,6601300
2008-12-29,51.4300,51.7700,48.5600,49.4000,6507900
2008-12-26,53.7900,53.9500,51.5500,51.7800,6847300
2008-12-24,51.6600,51.9500,51.0100,51.4400,1645500
2008-12-23,50.1200,51.6100,50.1200,51.0800,5845400
2008-12-22,51.6000,52.1500,48.4700,49.8400,8925000
2008-12-19,52.6700,52.9900,50.9200,51.5600,10963200
2008-12-18,53.0000,54.8500,51.2000,52.0800,7518100
2008-12-17,52.2600,54.7700,51.5300,53.1800,9183100
2008-12-16,49.6200,52.9600,49.2900,52.6300,8862900
2008-12-15,50.6500,50.9500,48.1481,48.8500,7285400
2008-12-12,47.5200,51.3800,47.5200,51.2500,8664800
2008-12-11,49.3300,50.4900,48.1700,48.2500,7583600
2008-12-10,51.4600,51.5000,48.3400,49.7000,7753800
2008-12-09,49.8100,54.4800,49.7000,51.2500,13314800
2008-12-08,49.1500,52.1400,47.3600,51.4100,10940700
2008-12-05,45.8900,48.4900,43.3000,48.2600,14608800
2008-12-04,45.9400,50.5000,45.7500,47.3200,19782300
2008-12-03,40.1600,45.8800,40.0500,45.2100,15675600
2008-12-02,41.3900,41.7100,38.8200,41.1900,8713700
2008-12-01,42.0000,43.2600,40.3800,40.4700,11178900
2008-11-28,44.0300,44.1000,42.2200,42.7000,3481000
2008-11-26,40.8700,44.0000,40.2900,43.9600,13439700
2008-11-25,42.0900,42.8900,39.6100,42.1900,13015000
2008-11-24,38.7900,43.4400,38.7000,42.5000,14549700
2008-11-21,36.3900,39.0000,35.7200,37.8700,15042700
2008-11-20,35.2900,39.7200,34.6800,35.0300,18423900
2008-11-19,37.9700,39.0000,35.7500,35.8400,12521100
2008-11-18,39.7300,40.6600,36.0800,38.4400,15049200
2008-11-17,39.9100,41.2600,39.0700,39.6900,10711800
2008-11-14,43.6100,44.5000,41.5000,41.7500,11949700
2008-11-13,41.4000,45.0000,38.4800,44.9300,16935300
2008-11-12,43.9900,45.4400,40.9000,41.5600,14768600
2008-11-11,47.1000,48.0600,44.8100,46.3000,9939200
2008-11-10,49.9800,50.6800,46.8600,48.4600,8964900
2008-11-07,47.7600,49.7900,47.0100,49.2100,7439600
2008-11-06,49.8000,51.0400,46.3000,47.2200,15487800
2008-11-05,57.4700,58.0000,51.6200,51.9800,11498400
2008-11-04,57.1600,58.7300,55.2200,58.4500,7663800
2008-11-03,56.3500,57.2500,55.0200,55.7700,7170100
2008-10-31,56.0100,57.2500,55.0100,57.2400,8534600
2008-10-30,58.7600,59.8900,55.0800,56.7100,11125700
2008-10-29,55.5300,59.7900,54.5200,56.8900,15196300
2008-10-28,51.5000,56.3000,49.0700,56.0400,14834700
2008-10-27,49.0000,52.5900,48.4300,49.5800,11759200
2008-10-24,44.7500,52.3200,44.5000,48.9600,19605900
2008-10-23,43.3700,50.9100,43.3100,50.3200,32601900
2008-10-22,50.0500,52.4700,47.9000,49.9900,19513200
2008-10-21,51.8600,52.9500,49.9200,50.2300,8669600
2008-10-20,52.1700,53.1000,49.9060,52.9700,8452100
2008-10-17,48.8300,62.3300,48.4100,50.6500,12946400
2008-10-16,46.4000,50.7000,43.3900,50.2900,22081100
2008-10-15,54.4600,54.6900,48.3500,48.7200,16257600
2008-10-14,63.5000,64.0000,54.8000,55.8600,17306600
2008-10-13,58.9600,62.2100,57.3700,62.0200,11194800
2008-10-10,52.9900,59.7499,51.0500,56.2500,18021700
2008-10-09,61.9700,63.5000,56.0000,56.0000,13930900
2008-10-08,55.6400,62.7500,55.3500,61.0200,14324500
2008-10-07,65.7900,66.4300,58.5000,58.5200,12756000
2008-10-06,64.0600,65.8900,60.4700,65.2300,13385500
2008-10-03,69.4200,70.9500,66.5900,67.0000,11228100
2008-10-02,67.6300,68.9600,65.4100,67.3600,8726100
2008-10-01,71.7800,71.9900,68.4100,69.5800,9622200
2008-09-30,65.8400,73.1200,65.3200,72.7600,13046900
2008-09-29,68.4100,69.3700,61.3200,63.3500,12004300
2008-09-26,69.5200,71.0500,68.0800,70.7000,6747100
2008-09-25,70.6600,72.7500,70.0100,72.0800,6073000
2008-09-24,72.3000,73.6500,68.9400,69.9600,9372400
2008-09-23,75.7900,76.2900,70.7700,71.7600,8594200
2008-09-22,81.1300,81.6300,74.3200,74.9300,7037700
2008-09-19,80.1200,86.7700,76.5000,81.0000,14772200
2008-09-18,73.0800,77.5000,70.0800,76.5000,12397200
2008-09-17,77.6800,78.2400,71.2400,71.5400,13165600
2008-09-16,76.8000,79.6300,76.6700,78.7300,13092200
2008-09-15,76.8600,79.8800,76.3000,77.3400,8980800
2008-09-12,78.8100,79.6000,76.6200,78.3000,6480100
2008-09-11,75.2700,79.8000,75.1000,79.5100,7813600
2008-09-10,80.0125,80.2200,76.1500,76.7400,9444700
2008-09-09,80.7600,81.9600,78.9879,79.0400,5821800
2008-09-08,82.2500,83.7500,78.8500,81.1600,9490600
2008-09-05,77.3400,80.7200,77.0800,79.1900,8069100
2008-09-04,80.6000,80.8100,78.0200,78.0300,8316500
2008-09-03,81.4000,82.0000,80.0200,80.7700,5742600
2008-09-02,83.1600,84.5000,81.2100,81.4100,6000800
2008-08-29,82.9000,82.9000,80.5000,80.8100,4728700
2008-08-28,82.2100,83.6500,81.8000,83.4200,7834100
2008-08-27,81.4400,82.7400,81.0000,81.7300,5627300
2008-08-26,82.7400,83.1200,81.2500,81.7600,4374200
2008-08-25,84.6300,84.6400,82.4500,82.8500,4356400
2008-08-22,84.2700,85.4600,83.9300,85.2600,4677800
2008-08-21,81.4100,83.7700,80.9800,83.2600,6157800
2008-08-20,82.0000,83.2500,81.2000,82.1300,5950600
2008-08-19,83.0900,83.5100,81.0600,81.2900,6630400
2008-08-18,86.0900,86.2800,83.0400,83.1100,6547400
2008-08-15,88.2800,89.5300,86.2600,86.4000,6871600
2008-08-14,85.7100,88.7500,85.2200,88.0300,6901700
2008-08-13,86.2800,88.2500,84.5400,86.6900,7208800
2008-08-12,87.3200,88.4800,86.1000,87.2500,8026500
2008-08-11,80.1800,91.7500,79.7800,88.0900,25070200
2008-08-08,76.7800,81.2100,76.2900,80.5100,9162700
2008-08-07,77.0100,78.0500,76.0000,76.9500,5444800
2008-08-06,78.6300,78.6300,76.7300,78.0900,6406100
2008-08-05,77.0000,79.5200,76.5200,79.1100,7794600
2008-08-04,76.0000,77.3000,75.0100,75.7100,4498200
2008-08-01,76.3600,76.4900,74.0500,75.7500,4774500
2008-07-31,76.7500,78.1700,76.1000,76.3400,5300700
2008-07-30,78.6000,79.8500,76.4200,78.2100,7567300
2008-07-29,76.4900,78.8000,76.1600,78.2100,6770900
2008-07-28,77.0900,78.3100,74.8600,75.9800,10480200
2008-07-25,79.7000,80.9390,78.1200,78.3100,9150700
2008-07-24,76.3300,82.3800,76.2900,78.7200,30996600
2008-07-23,67.7800,72.0700,67.4646,70.5400,17916200
2008-07-22,67.2100,69.1400,65.8800,67.9700,8795800
2008-07-21,69.1600,69.8000,66.3000,68.4800,6896900
2008-07-18,69.8900,70.8400,68.4000,69.1200,8298000
2008-07-17,71.2000,72.3800,67.7368,72.1100,9597400
2008-07-16,66.9400,72.7500,66.8400,71.8400,12038900
2008-07-15,65.7000,68.6200,62.9900,67.0300,11342100
2008-07-14,69.3100,69.5000,65.5900,66.2800,9021300
2008-07-11,69.7500,69.9900,66.7400,68.5400,7930000
2008-07-10,70.7000,71.7700,67.9900,70.6300,9941600
2008-07-09,74.6000,74.9000,70.4800,70.6100,6912100
2008-07-08,72.2000,75.4900,71.7500,75.0400,7916000
2008-07-07,72.3700,74.4000,70.7600,72.4900,7355500
2008-07-03,72.3500,73.8400,70.5200,72.0000,4248200
2008-07-02,74.0500,74.4100,71.3800,71.4400,7044400
2008-07-01,72.2100,74.2300,70.5200,73.6200,10292500
2008-06-30,74.9000,76.1200,73.2100,73.3300,7104100
2008-06-27,75.4400,76.0700,72.6200,74.6600,11840500
2008-06-26,79.0000,79.8900,76.0000,76.3000,11310100
2008-06-25,80.4500,82.1500,79.5200,80.5100,7393300
2008-06-24,79.5500,80.7900,77.6300,79.6400,7140100
2008-06-23,81.3000,82.1500,79.5500,80.6800,7425800
2008-06-20,81.1300,83.4600,80.5100,81.1000,6588900
2008-06-19,82.2100,84.4700,81.5000,84.2600,6717300
2008-06-18,82.0000,83.1700,81.3200,82.5200,6846600
2008-06-17,83.1500,84.3000,82.8000,82.9700,8802400
2008-06-16,78.4200,82.5300,78.4100,81.7000,5754400
2008-06-13,76.7000,80.0000,76.7000,79.1700,5974500
2008-06-12,78.2800,79.0500,75.0100,76.1500,6204400
2008-06-11,79.3500,80.0000,77.0300,77.2800,5874500
2008-06-10,78.2000,81.0400,78.2000,79.6200,6065600
2008-06-09,81.4300,81.5300,78.1200,79.4300,6537300
2008-06-06,83.1900,83.6400,80.5600,80.6300,7843700
2008-06-05,82.0000,84.8800,81.8000,84.5100,8938700
2008-06-04,80.1100,81.8200,79.7200,81.5000,6458300
2008-06-03,80.7100,81.8900,79.2600,80.1100,5870000
2008-06-02,81.5400,81.5700,80.0500,80.2300,6215200
2008-05-30,80.5800,81.7700,80.3000,81.6200,5270600
2008-05-29,80.6100,81.9600,80.1700,80.3500,6857600
2008-05-28,80.5400,80.7900,78.9900,80.0800,6700600
2008-05-27,78.2500,80.9000,77.9700,80.6200,10108200
2008-05-23,78.5500,78.8700,77.4300,78.3500,6331900
2008-05-22,78.4200,79.6900,78.0000,79.2600,5390600
2008-05-21,80.4600,81.1500,77.5000,78.3000,7070500
2008-05-20,82.1700,82.7000,80.0300,80.7200,7912200
2008-05-19,79.0000,84.7500,78.8600,82.2900,18684800
2008-05-16,76.4200,76.8300,74.8600,76.4600,6206700
2008-05-15,73.8900,76.3200,73.5500,76.1200,6917700
2008-05-14,74.9200,75.7500,73.9800,74.2000,4589200
2008-05-13,74.7200,74.9600,73.3100,74.5600,5020800
2008-05-12,73.1000,74.9300,71.7800,74.5300,7215400
2008-05-09,72.2000,73.3400,71.6600,72.4100,4243500
2008-05-08,73.7300,74.1600,71.5600,72.7900,8131300
2008-05-07,75.2600,76.6400,73.0900,73.1800,8376600
2008-05-06,75.5000,76.7700,75.0500,75.7100,6545700
2008-05-05,77.2700,77.7700,75.8700,75.9200,5647400
2008-05-02,80.3800,81.2000,76.4000,77.3100,8154900
2008-05-01,78.7400,80.0100,77.9700,79.3600,7197000
2008-04-30,80.7300,81.3400,77.9200,78.6300,7875700
2008-04-29,81.4200,81.7700,79.8600,80.7400,6726400
2008-04-28,80.4900,82.5000,80.1200,81.9700,10991900
2008-04-25,78.0000,81.3200,77.2600,80.8600,9456500
2008-04-24,77.8000,80.5300,76.9300,77.6900,21073500
2008-04-23,80.2500,82.6400,78.7400,81.0000,19250400
2008-04-22,79.9400,79.9400,77.5400,79.6000,7245000
2008-04-21,80.2500,81.3400,79.0600,80.1800,9335400
2008-04-18,76.4200,82.0000,76.3200,80.1000,16791300
2008-04-17,74.1900,75.0200,73.6100,74.0400,6220000
2008-04-16,73.2100,75.0000,72.9400,74.5900,6746800
2008-04-15,73.4400,73.9800,70.6500,72.5000,6813100
2008-04-14,71.7000,74.0000,71.2900,72.6100,4354500
2008-04-11,73.8400,74.3000,71.6200,71.9900,6785600
2008-04-10,74.4800,75.4900,72.7300,74.8300,6255500
2008-04-09,76.5600,76.6700,73.6600,74.3900,6660300
2008-04-08,76.4000,77.6100,75.5000,77.3000,4966000
2008-04-07,77.3600,78.4300,76.0000,76.9000,6672400
2008-04-04,75.2600,77.8300,74.2800,76.8700,7152800
2008-04-03,75.1500,76.0100,73.8100,74.9400,8149900
2008-04-02,77.0800,79.0000,76.1200,77.3700,8592400
2008-04-01,74.9250,77.0900,72.7600,76.7000,9734000
2008-03-31,70.2500,71.6400,69.6300,71.3000,5470300
2008-03-28,71.0000,72.2100,69.2600,69.7600,5279100
2008-03-27,74.3700,74.6900,70.7983,70.8000,7942400
2008-03-26,74.1400,75.1200,73.2400,73.8000,6285100
2008-03-25,75.8300,76.2899,74.0500,75.1700,6327500
2008-03-24,73.8200,76.9300,72.7500,75.9500,9395400
2008-03-20,70.1700,73.4900,69.3800,73.1900,11410700
2008-03-19,71.1000,74.0000,70.1700,70.1700,11041900
2008-03-18,68.2500,71.9280,67.5900,71.7000,9550700
2008-03-17,65.7200,67.7900,64.9200,66.5300,9709100
2008-03-14,68.6100,70.6800,66.0600,68.2200,12420700
2008-03-13,65.1100,69.5500,64.3660,68.3200,10707500
2008-03-12,66.7700,68.2300,65.6400,66.5100,7748800
2008-03-11,65.9500,67.1700,63.7100,67.1500,9742900
2008-03-10,63.9000,65.1500,62.9100,63.4700,9321000
2008-03-07,62.2000,64.8700,62.0100,64.0900,10438100
2008-03-06,64.7500,65.4600,62.5000,62.7400,8343300
2008-03-05,65.6600,66.3400,63.8200,64.9901,11126400
2008-03-04,61.6700,66.6000,61.2300,65.3400,16703600
2008-03-03,63.5900,64.4900,61.2000,62.4300,13721100
2008-02-29,66.8100,67.5000,63.9700,64.4700,11664600
2008-02-28,70.3000,70.6000,67.1100,67.8500,13167800
2008-02-27,70.6800,71.4800,69.5700,70.8700,8930500
2008-02-26,71.9100,73.5000,70.2800,71.6900,9891300
2008-02-25,72.3500,73.5000,71.4100,73.2700,7858200
2008-02-22,70.5400,72.2100,69.8600,72.0800,12342700
2008-02-21,73.9400,74.2100,69.3700,69.9000,13150800
2008-02-20,71.9000,73.8800,71.1000,73.6400,6450700
2008-02-19,73.5400,74.0000,71.5500,72.0800,7109200
2008-02-15,75.0000,75.1900,71.9400,72.9600,11120100
2008-02-14,77.7300,77.8800,75.1800,75.8000,7497200
2008-02-13,74.9800,78.8500,73.2700,77.7300,11070300
2008-02-12,75.4300,77.0500,73.7900,74.4500,9449000
2008-02-11,73.1400,75.9600,72.7700,75.1900,7763700
2008-02-08,73.4000,74.6000,72.5200,73.5000,11700400
2008-02-07,67.3700,72.7100,67.2200,70.9100,14501700
2008-02-06,72.3000,72.4299,68.1700,68.4900,12399500
2008-02-05,72.8000,74.2100,72.0000,72.0900,9633900
2008-02-04,74.5000,76.6600,73.9000,73.9500,9155200
2008-02-01,79.0200,79.4000,73.3700,74.6300,16361000
2008-01-31,68.9100,78.8700,68.8400,77.7000,42885900
2008-01-30,73.5400,77.4200,73.2500,74.2100,25298700
2008-01-29,75.7700,75.9000,72.0600,73.9500,9958000
2008-01-28,76.9100,77.4000,74.3400,75.8200,8505300
2008-01-25,78.6900,81.4300,76.3300,77.6000,10027600
2008-01-24,74.5300,77.8800,74.1900,77.6700,9886600
2008-01-23,75.6000,76.8000,69.9500,73.9700,20405700
2008-01-22,73.5800,79.7200,72.2200,78.4800,12822200
2008-01-18,79.9300,82.3100,78.0400,79.7600,13364300
2008-01-17,80.1600,82.2500,79.5400,80.1200,9900900
2008-01-16,79.5800,82.3600,78.4400,80.3500,12407000
2008-01-15,80.4850,81.0100,78.5100,80.2400,9655900
2008-01-14,82.1800,83.3200,78.8700,82.8700,9056100
2008-01-11,84.0300,84.0300,80.2900,81.0800,10624300
2008-01-10,83.9800,85.9700,82.9700,84.2600,11609900
2008-01-09,87.5600,87.8000,80.2400,85.2200,16410900
2008-01-08,87.5500,91.8300,86.9300,87.8800,12283300
2008-01-07,88.6200,90.5700,85.4700,88.8200,9981600
2008-01-04,93.2600,93.4000,88.5000,88.7900,10270000
2008-01-03,96.0600,97.2500,94.5200,95.2100,9122500
2008-01-02,95.3500,97.4300,94.7000,96.2500,13858700
2007-12-31,93.8100,94.3700,92.4500,92.6400,5755200
2007-12-28,95.2700,95.9000,92.1000,94.4500,7587900
2007-12-27,92.6700,95.2900,92.5000,94.2500,7113700
2007-12-26,91.4800,93.9400,90.5000,92.8500,5442200
2007-12-24,91.0500,91.5600,90.3000,91.0100,2017100
2007-12-21,91.3800,92.2800,90.3900,91.2600,6604900
2007-12-20,90.1400,90.7500,89.0900,90.5800,5879800
2007-12-19,86.9400,89.9500,86.8300,89.3800,7616200
2007-12-18,85.8300,87.4600,83.8600,86.8900,7266100
2007-12-17,89.0100,89.0600,84.9900,85.0900,7697700
2007-12-14,90.7700,91.2400,88.9300,89.0800,6002300
2007-12-13,91.0500,93.0000,90.6300,92.4000,6046300
2007-12-12,92.8400,93.7500,89.3200,91.2800,7228100
2007-12-11,93.1000,95.9400,90.7500,90.7500,10269600
2007-12-10,94.3100,94.3500,92.3000,93.0200,5180600
2007-12-07,94.5600,94.6800,92.9100,94.3100,3934800
2007-12-06,93.2800,95.0000,92.8300,94.2100,5472700
2007-12-05,94.9900,94.9900,91.9800,93.1900,6608600
2007-12-04,90.0400,94.5600,90.0400,94.4100,7337900
2007-12-03,90.0300,92.2500,89.7700,90.9100,6000500
2007-11-30,90.5600,91.0800,88.3148,90.5600,6881600
2007-11-29,89.8900,91.4700,88.6800,89.1500,6977100
2007-11-28,87.5500,90.5700,86.7500,90.3000,11403400
2007-11-27,82.9200,85.6500,82.2100,85.5900,8634200
2007-11-26,82.3000,84.4900,81.1400,81.3035,8610500
2007-11-23,80.1100,81.4500,78.9800,81.4300,2780900
2007-11-21,79.2400,80.8600,78.6500,79.7600,6678300
2007-11-20,79.8600,82.0000,78.3100,80.3900,11610000
2007-11-19,78.8300,79.7500,77.9400,79.1800,8649800
2007-11-16,77.0100,78.9900,76.6300,78.6000,7114100
2007-11-15,79.4300,79.7300,76.7000,77.8500,7831500
2007-11-14,80.4000,81.1500,78.1500,78.5100,8427400
2007-11-13,77.9100,80.0500,77.8000,79.8600,9496300
2007-11-12,78.2600,80.0900,76.5000,77.0000,9396900
2007-11-09,82.4200,82.4200,78.8400,78.8900,11620200
2007-11-08,86.8000,86.9600,81.4000,83.5800,11803200
2007-11-07,86.4100,89.1600,86.1600,87.0438,8397800
2007-11-06,84.6000,87.5000,84.3700,87.2700,7934000
2007-11-05,84.8300,86.0200,82.7600,84.3700,7453100
2007-11-02,88.0000,88.1200,83.5000,85.9800,10230500
2007-11-01,87.7500,89.5800,86.5000,87.6500,8265700
2007-10-31,88.0500,89.6000,87.0000,89.1500,7044800
2007-10-30,89.6700,90.6500,88.0500,88.2400,5405400
2007-10-29,90.4100,91.4700,89.4800,90.1000,7097200
2007-10-26,89.0000,90.8800,87.7000,90.0000,8826200
2007-10-25,88.2300,89.5000,86.3200,88.2100,11630900
2007-10-24,90.8700,90.8800,83.2700,88.7300,41617400
2007-10-23,95.2800,101.0900,94.2100,100.8200,41761800
2007-10-22,89.2500,91.6900,89.0200,91.2900,9868400
2007-10-19,89.9300,90.6500,89.3200,89.7600,9126200
2007-10-18,89.3700,90.4300,89.1500,89.8500,5329500
2007-10-17,91.9000,91.9000,89.0600,90.5500,7678700
2007-10-16,88.6900,90.0500,88.5000,89.5300,8511500
2007-10-15,91.8000,92.1200,90.1000,90.5300,5608800
2007-10-12,89.4200,92.3900,88.9187,92.3700,8359900
2007-10-11,95.3300,95.7400,88.1300,89.3400,9822400
2007-10-10,95.5000,95.7483,94.3700,94.6600,5567800
2007-10-09,96.5900,96.7300,94.7500,95.3237,7144600
2007-10-08,94.2200,95.8500,94.0000,95.8500,7428400
2007-10-05,93.5500,93.7100,92.3400,93.4300,5523500
2007-10-04,92.5500,92.5700,91.4500,92.2600,3318300
2007-10-03,92.1900,92.8000,91.7800,92.4550,5052200
2007-10-02,93.8650,93.9000,91.4000,92.3600,4867200
2007-10-01,93.4200,94.1000,92.8300,93.4100,5397400
2007-09-28,92.7700,93.6000,91.7000,93.1500,4813700
2007-09-27,94.0700,94.1100,93.1051,93.3800,2812700
2007-09-26,94.0400,94.2600,92.2900,93.4300,5770300
2007-09-25,91.9900,93.5000,90.9500,93.4799,5800300
2007-09-24,91.2900,93.7500,90.8100,92.5900,5321800
2007-09-21,90.2900,91.9000,89.6500,91.3000,6524500
2007-09-20,88.9000,90.4160,88.8200,89.6500,5780800
2007-09-19,89.5200,89.8200,88.2600,89.0000,6458700
2007-09-18,87.3800,91.6000,86.7100,88.7500,8924400
2007-09-17,86.9800,87.3400,85.9800,86.9100,4484500
2007-09-14,86.4100,88.0900,86.3100,87.7700,3954700
2007-09-13,87.9500,88.0700,86.5000,87.2600,5983500
2007-09-12,86.0700,88.8900,85.9700,87.3000,9030300
2007-09-11,84.1700,86.6100,83.5300,86.2800,6859800
2007-09-10,84.9300,85.1600,82.5100,83.3400,5366900
2007-09-07,84.7000,84.9700,83.2100,84.5200,8231200
2007-09-06,84.5000,86.4600,82.8500,86.2100,8826900
2007-09-05,82.2400,84.8900,82.2200,83.7500,9062200
2007-09-04,79.9000,83.5300,79.7300,82.7000,8266000
2007-08-31,80.0000,80.5300,79.7000,79.9100,6157400
2007-08-30,78.4000,80.1100,78.3000,78.6800,4628800
2007-08-29,76.9600,79.0500,76.8600,79.0500,5076800
2007-08-28,77.8600,78.6500,76.0800,76.2200,5767000
2007-08-27,80.5600,80.8000,78.4200,78.6500,6951300
2007-08-24,76.8000,79.4000,76.6900,79.2500,5665700
2007-08-23,78.9400,79.0000,76.5100,77.3000,5665000
2007-08-22,78.2400,79.4900,77.8400,78.5000,6848100
2007-08-21,74.2100,77.8300,74.0900,77.4900,8429100
2007-08-20,74.9800,75.2800,73.8001,74.7000,5916100
2007-08-17,74.4900,75.0400,73.1100,75.0200,7240600
2007-08-16,72.0000,73.2400,70.0500,72.7900,10787300
2007-08-15,72.9700,75.1500,72.2600,72.3800,6375900
2007-08-14,74.7900,74.7900,72.9200,73.4500,5946200
2007-08-13,76.0900,76.3200,74.7000,74.8700,6068600
2007-08-10,73.1500,76.5000,72.3700,74.7801,9067600
2007-08-09,76.4000,77.2600,74.1100,74.1100,8348400
2007-08-08,79.7700,79.8800,76.5600,77.7800,8244800
2007-08-07,78.5500,80.0000,77.8900,79.1400,8059300
2007-08-06,77.0600,79.0000,76.6000,79.0000,9002900
2007-08-03,79.5400,80.7500,76.7100,76.7999,7987500
2007-08-02,77.8600,79.7600,76.1200,79.7100,10361600
2007-08-01,78.1000,78.1500,75.0600,77.3100,16918000
2007-07-31,83.7000,83.7300,78.0000,78.5400,14104500
2007-07-30,83.0000,84.0500,81.5100,82.7000,12855600
2007-07-27,84.2700,85.3300,82.4800,84.0399,13942600
2007-07-26,85.0200,89.0000,83.4300,84.0100,23267100
2007-07-25,84.6500,88.8000,83.6500,86.1799,60452400
2007-07-24,71.0400,72.1600,68.8500,69.2500,25342300
2007-07-23,71.7800,72.6700,70.8500,71.7400,9267800
2007-07-20,72.6200,72.9600,70.5000,71.6300,9130700
2007-07-19,74.2400,74.3200,73.1200,73.3500,5273500
2007-07-18,73.2700,73.4900,72.2500,73.3200,6289700
2007-07-17,74.3900,74.5200,73.5900,73.7900,6084400
2007-07-16,74.7300,74.8400,73.0000,73.6900,8334900
2007-07-13,73.0800,75.3500,72.9700,75.1000,12502000
2007-07-12,71.3100,73.5700,70.7300,72.7900,11451600
2007-07-11,70.5800,71.6500,70.1500,70.7300,6593600
2007-07-10,71.6500,71.9400,70.0700,70.2800,8885400
2007-07-09,69.3800,72.3500,69.0200,72.0699,14816900
2007-07-06,68.7500,69.3000,68.0100,68.9700,4615300
2007-07-05,69.3600,69.6500,68.0600,68.7300,4487900
2007-07-03,70.0400,70.0500,69.0200,69.4500,2223500
2007-07-02,68.8100,69.7100,68.2000,69.6100,4906100
2007-06-29,69.0300,69.1900,68.1500,68.4100,5316600
2007-06-28,68.4600,70.2300,68.1500,68.8900,9782200
2007-06-27,66.9600,68.2100,66.7100,68.1400,8242900
2007-06-26,68.5300,68.6300,67.3800,67.4800,11247800
2007-06-25,69.3500,69.6300,68.3000,68.6600,7593500
2007-06-22,69.5500,69.8800,68.4200,68.8600,8382600
2007-06-21,69.1600,69.7700,68.6600,69.6700,7609700
2007-06-20,70.2500,70.5000,69.0500,69.1000,9172600
2007-06-19,71.5500,71.6600,69.6800,69.8100,11871000
2007-06-18,72.3400,72.6400,71.4000,71.8300,7813600
2007-06-15,72.8500,72.8700,71.1900,72.4000,9833200
2007-06-14,70.9000,72.1200,70.8000,71.9400,8245300
2007-06-13,70.9000,71.8900,69.2500,70.8880,11917900
2007-06-12,70.4400,70.7600,69.4200,70.0700,11829500
2007-06-11,73.0000,73.0500,71.0000,71.1700,11159100
2007-06-08,72.4700,73.2400,71.0500,73.2400,10204500
2007-06-07,72.5700,74.7200,70.8800,72.0399,24138200
2007-06-06,73.1400,73.7500,71.8600,72.2900,15591000
2007-06-05,71.1000,74.2400,70.8600,73.6500,30442500
2007-06-04,68.2500,70.6500,67.6500,70.4200,11380500
2007-06-01,68.9000,69.3000,68.3500,68.5800,7014500
2007-05-31,70.6800,70.7400,68.5700,69.1400,9310200
2007-05-30,69.0600,70.0800,68.8610,69.8600,10576100
2007-05-29,68.4300,69.7800,67.7200,69.6300,11730800
2007-05-25,69.6900,69.7000,68.2500,68.5500,9987200
2007-05-24,69.0400,70.4200,67.7100,69.3500,23824600
2007-05-23,69.2100,73.3100,68.7900,69.0000,42582500
2007-05-22,68.4800,69.0700,67.2100,68.8800,17211300
2007-05-21,63.5800,68.6800,63.3000,68.3000,36468800
2007-05-18,62.4800,63.3000,62.2800,63.3000,9799200
2007-05-17,62.8800,63.5200,62.0200,62.1700,11870900
2007-05-16,61.0200,63.3400,60.1000,63.2200,14485400
2007-05-15,61.4000,61.9700,60.5200,60.5800,8702100
2007-05-14,61.6800,61.7400,60.6000,61.7000,7760400
2007-05-11,60.9600,61.6000,60.5600,61.5600,7919100
2007-05-10,62.4400,62.6500,60.8500,60.9200,10052000
2007-05-09,62.0000,62.9500,61.3000,62.8500,8874900
2007-05-08,60.5400,61.8400,59.7000,61.8300,13551100
2007-05-07,62.4300,63.2300,60.7100,60.8200,14808300
2007-05-04,62.3900,63.7500,62.3500,63.2300,14299300
2007-05-03,61.0800,62.5400,60.7600,62.1900,13482000
2007-05-02,61.6800,62.2500,60.9000,61.1800,14427200
2007-05-01,61.1200,62.0400,60.2800,61.1850,18519000
2007-04-30,61.9100,62.4400,61.1800,61.3300,23979200
2007-04-27,61.2400,63.8400,60.6200,62.6010,50733400
2007-04-26,56.9900,63.0300,56.0700,62.8000,31515253
2007-04-25,53.1200,57.1800,52.9500,56.8100,104329200
2007-04-24,44.7500,45.0000,44.4300,44.7500,19887600
2007-04-23,44.2700,44.8100,44.1600,44.7700,7088600
2007-04-20,45.0900,45.1700,44.5200,44.9500,5980500
2007-04-19,44.6100,45.1500,44.4100,44.6400,4809700
2007-04-18,44.8000,45.1500,44.6300,44.9900,4996400
2007-04-17,45.2800,45.3200,44.7500,45.0700,7398900
2007-04-16,43.7700,45.3000,43.6700,45.2000,13444000
2007-04-13,42.1900,42.5000,41.9300,42.4100,3610000
2007-04-12,41.7300,42.3700,41.4000,42.2700,4754500
2007-04-11,41.7300,41.8700,41.2400,41.6800,5078400
2007-04-10,41.5700,41.9600,41.4600,41.8600,3421800
2007-04-09,41.7200,42.1400,41.6100,41.6600,4182700
2007-04-05,41.5700,41.7600,41.4400,41.6800,3288400
2007-04-04,41.2200,41.5500,40.9200,41.5300,4064700
2007-04-03,40.4200,41.3800,40.4000,41.1900,5968200
2007-04-02,39.8500,40.4700,39.5500,40.4200,7091300
2007-03-30,39.7500,40.2400,39.4200,39.7900,5996900
2007-03-29,39.6500,39.9200,39.3000,39.8100,6405200
2007-03-28,39.0900,39.5100,38.7400,39.3400,6202200
2007-03-27,38.8200,39.4200,38.7600,39.3700,3993600
2007-03-26,38.9800,39.0500,38.4300,39.0100,3521100
2007-03-23,39.5600,39.6000,38.9800,38.9800,2941500
2007-03-22,39.4800,39.7200,38.9100,39.4900,5331500
2007-03-21,38.5500,39.8000,38.3100,39.8000,4996400
2007-03-20,38.5300,38.6900,38.2300,38.5800,3801300
2007-03-19,38.0000,38.5400,38.0000,38.4500,4226600
2007-03-16,37.7200,38.0800,37.5200,37.8500,6865500
2007-03-15,38.1000,38.2900,37.5500,37.7800,7265700
2007-03-14,37.7600,38.2200,37.2600,38.0800,8591100
2007-03-13,38.3000,38.8800,37.6900,37.8200,5204100
2007-03-12,38.6400,39.0500,38.3800,38.8100,4879000
2007-03-09,38.4800,38.8900,38.0000,38.8400,6200100
2007-03-08,38.7700,39.2200,37.9800,38.1000,7629300
2007-03-07,38.6800,39.3200,38.2800,38.3600,8644600
2007-03-06,37.6900,38.6600,37.4100,38.5800,12848200
2007-03-05,37.1500,38.3200,37.0400,37.0500,9565600
2007-03-02,38.3200,38.8700,37.6900,37.6900,7787800
2007-03-01,39.3200,39.3200,38.0500,38.8500,9255800
2007-02-28,38.9100,39.5800,38.0800,39.1400,7687400
2007-02-27,40.1900,40.5400,38.7800,38.8300,8850700
2007-02-26,40.8600,41.2000,40.4000,40.8799,4035200
2007-02-23,41.0000,41.2000,40.7400,40.7800,5497400
2007-02-22,41.4000,42.0000,40.8900,41.0000,4926100
2007-02-21,41.1900,41.3200,40.9200,41.2600,4508400
2007-02-20,40.1300,41.7400,40.0000,41.5100,8903400
2007-02-16,39.9000,40.4400,39.8700,40.3300,4679000
2007-02-15,40.1400,40.3200,39.8600,40.0600,5088200
2007-02-14,39.2300,40.2800,39.1400,40.1400,6814100
2007-02-13,38.8500,39.6100,38.8500,39.3100,4505500
2007-02-12,38.7900,38.9900,38.3600,38.8500,3835700
2007-02-09,39.1900,39.3100,38.6600,38.7200,5960100
2007-02-08,38.9500,39.5100,38.6700,39.1000,5483600
2007-02-07,38.4900,39.5200,38.4000,38.9800,10503200
2007-02-06,37.2000,38.4100,37.0845,38.2700,8612700
2007-02-05,37.2500,37.4200,36.7700,37.1600,6110900
2007-02-02,37.2300,37.7400,36.6800,37.3900,25850700
2007-02-01,37.9500,39.3000,37.8500,38.7000,26123100
2007-01-31,36.9500,38.1900,36.7600,37.6700,7277500
2007-01-30,37.2900,37.4200,36.6300,37.0500,4813500
2007-01-29,36.7000,37.4500,36.5400,37.4300,7395000
2007-01-26,37.2600,37.2600,36.3000,36.8500,4139300
2007-01-25,38.0800,38.2300,36.7800,37.0800,6747600
2007-01-24,36.5100,37.3600,36.5000,37.2600,5271700
2007-01-23,36.9000,37.0700,36.3000,36.4300,5313600
2007-01-22,37.6500,37.9000,36.8000,36.9500,8317000
2007-01-19,36.6900,37.4800,36.6000,37.0200,6095900
2007-01-18,37.5000,37.6500,36.7200,36.9800,9105000
2007-01-17,38.7000,39.0000,37.7800,37.8800,5026800
2007-01-16,38.4000,38.8900,37.9700,38.6600,5643700
2007-01-12,37.3600,38.2100,37.2700,38.2000,4466400
2007-01-11,37.1700,38.0000,37.1700,37.4000,6465600
2007-01-10,37.4900,37.7000,37.0700,37.1500,6527500
2007-01-09,37.6000,38.0600,37.3400,37.7800,5703000
2007-01-08,38.2200,38.3100,37.1700,37.5000,6783000
2007-01-05,38.7200,38.7900,37.6000,38.3700,6619700
2007-01-04,38.5900,39.1400,38.2600,38.9000,6318400
2007-01-03,38.6800,39.0600,38.0500,38.7000,12405100
2006-12-29,40.0600,40.2500,39.3499,39.4600,4197000
2006-12-28,40.3800,40.6300,39.9200,40.2100,4545500
2006-12-27,39.8600,40.4700,39.8000,40.2900,3536500
2006-12-26,40.1300,40.1300,39.4200,39.8000,4473600
2006-12-22,39.9800,40.5100,39.9100,40.2400,5585100
2006-12-21,39.8700,40.3400,39.6500,39.8900,6550200
2006-12-20,39.4300,40.3000,39.3900,40.0100,7784300
2006-12-19,38.7800,39.7200,38.2300,39.4200,7520000
2006-12-18,40.2000,40.6400,38.8600,39.2600,6486700
2006-12-15,39.3800,40.1900,39.2300,40.0100,8153500
2006-12-14,38.7400,39.5400,38.6000,39.0200,6296100
2006-12-13,38.6100,39.1900,38.1900,38.5000,4677800
2006-12-12,38.4400,38.9400,38.1500,38.4600,5083200
2006-12-11,38.2200,39.1500,38.0800,38.6900,4848600
2006-12-08,37.9200,38.9500,37.7000,38.4600,5139700
2006-12-07,38.9300,39.0900,38.0500,38.1200,6621500
2006-12-06,38.7700,39.5800,38.6400,38.9000,5776900
2006-12-05,39.1300,39.3000,38.7200,38.9800,5737700
2006-12-04,39.3100,39.4800,38.8700,39.1000,9720700
2006-12-01,40.2600,40.5400,39.0900,39.4100,8306100
2006-11-30,40.4200,40.6400,39.8500,40.3400,6346300
2006-11-29,40.4800,41.1000,40.0000,40.6300,7854600
2006-11-28,40.7500,41.0700,40.3000,40.9200,7099300
2006-11-27,42.1800,42.8000,40.7200,40.8500,8972800
2006-11-24,42.5600,42.9400,42.3100,42.4100,2241300
2006-11-22,42.5000,42.9800,42.1800,42.9600,4535600
2006-11-21,42.5500,43.2500,42.1200,42.5400,6984400
2006-11-20,42.3500,42.5500,41.9400,42.4400,5796400
2006-11-17,42.5500,42.6700,42.2200,42.5500,6530200
2006-11-16,42.4450,42.9500,42.4000,42.8400,11000800
2006-11-15,41.5000,43.1000,41.5000,42.6000,13556700
2006-11-14,40.1100,41.6700,39.6200,41.5100,10951300
2006-11-13,39.2300,40.0010,39.1300,39.9900,6944300
2006-11-10,38.7900,39.3620,38.7600,39.2600,4495100
2006-11-09,39.5000,39.7700,38.8100,38.8400,5807100
2006-11-08,38.5800,39.4800,38.4600,39.4700,8159900
2006-11-07,38.2000,39.0000,38.0400,38.7700,7745100
2006-11-06,37.6400,38.3500,37.5300,38.2100,4540900
2006-11-03,37.6100,37.7100,36.8700,37.4600,5124100
2006-11-02,37.3300,37.7700,37.1100,37.4500,5447300
2006-11-01,38.1250,38.2000,37.4600,37.5600,6668900
2006-10-31,38.2200,38.5900,37.8000,38.0900,6210400
2006-10-30,38.0500,38.3400,37.6800,38.1500,6882400
2006-10-27,38.1500,38.3800,37.6640,38.2400,9953400
2006-10-26,37.2500,38.4900,37.1800,38.3000,17073300
2006-10-25,37.3000,37.9800,36.0400,37.6800,46522500
2006-10-24,32.8700,38.0000,32.8600,33.6300,23155300
2006-10-23,32.4700,32.9100,32.1400,32.8800,8059300
2006-10-20,32.6900,32.6900,32.2100,32.5700,5839400
2006-10-19,32.1700,32.8400,32.1000,32.5400,4037600
2006-10-18,32.5700,32.7800,32.0000,32.3100,5349300
2006-10-17,32.2000,32.6100,31.7500,32.4700,6635700
2006-10-16,32.8500,33.2000,32.5500,32.6000,6769400
2006-10-13,33.3500,33.5800,33.0800,33.3200,4067300
2006-10-12,33.1000,33.7100,32.6300,33.5500,5989700
2006-10-11,32.6100,33.1500,32.2700,32.9100,6728500
2006-10-10,33.2700,33.5800,32.4900,32.6200,6333400
2006-10-09,32.4900,33.4800,32.4510,33.3800,5289200
2006-10-06,33.1500,33.2180,32.5000,32.5900,4219200
2006-10-05,32.6800,33.4000,32.4000,33.3200,8455900
2006-10-04,31.7500,32.8300,31.3000,32.7600,7064800
2006-10-03,30.9000,32.0000,30.5800,31.8600,8034000
2006-10-02,31.9800,32.0300,30.8300,30.8700,6815000
2006-09-29,32.0100,32.3400,31.5400,32.1200,5227200
2006-09-28,32.2700,32.3300,31.2200,31.8400,7499400
2006-09-27,32.2800,32.4600,31.9300,32.3300,5469800
2006-09-26,31.8900,32.5900,31.8000,32.5000,6601100
2006-09-25,31.0500,31.9700,30.7400,31.7900,6619600
2006-09-22,30.2200,30.9500,29.9000,30.8400,7249000
2006-09-21,32.2400,32.5600,30.0700,30.2200,15553700
2006-09-20,31.8100,32.8100,31.8000,32.1200,8548900
2006-09-19,32.2400,32.3000,30.8200,31.5800,8572000
2006-09-18,32.4450,32.6700,31.8800,32.0800,5123100
2006-09-15,31.9000,32.7400,31.5800,32.5200,10273700
2006-09-14,31.5400,31.8700,31.1800,31.6500,3705700
2006-09-13,31.7300,31.9600,31.3700,31.6700,4370400
2006-09-12,30.8700,31.9400,30.5300,31.7200,6527400
2006-09-11,30.2300,31.1300,29.7200,30.7900,7403800
2006-09-08,30.1900,30.6600,29.9400,30.5100,5227200
2006-09-07,30.5700,30.6400,29.6800,29.7300,8901700
2006-09-06,31.7600,31.9800,30.6500,30.8000,9114100
2006-09-05,31.6100,32.3000,31.2400,32.2300,7467700
2006-09-01,30.8500,31.8000,30.8500,31.7600,6563200
2006-08-31,30.7545,30.9900,30.4700,30.8300,5947000
2006-08-30,29.5700,30.8500,29.4800,30.6700,11303300
2006-08-29,28.9700,29.7200,28.7500,29.5200,7398100
2006-08-28,28.4000,29.0000,28.2700,28.9100,6067400
2006-08-25,27.7900,28.2300,27.6200,28.0300,3542600
2006-08-24,28.2400,28.2500,27.5400,27.9700,4516900
2006-08-23,28.5600,28.8900,27.7700,28.1400,4726400
2006-08-22,28.1400,28.8900,28.0500,28.3700,4587100
2006-08-21,28.7000,28.9800,27.9700,28.1300,5334900
2006-08-18,29.0900,29.2300,28.2200,29.1200,5998600
2006-08-17,27.9600,29.7500,27.8300,29.0900,9496300
2006-08-16,27.9700,28.1400,27.5200,27.9500,7636600
2006-08-15,26.9700,27.8600,26.6200,27.7700,8201600
2006-08-14,26.2200,27.0600,26.1800,26.5300,5128000
2006-08-11,26.2000,26.4300,25.7600,26.0700,5115900
2006-08-10,26.2000,26.5200,25.8800,26.4900,6405600
2006-08-09,26.5400,26.7000,26.0000,26.2100,6911200
2006-08-08,26.8000,27.0200,26.1900,26.3600,7260200
2006-08-07,27.1900,27.2900,26.5900,26.7800,5476400
2006-08-04,26.9400,27.5900,26.8000,27.2900,10252400
2006-08-03,26.0900,26.9000,25.9000,26.6900,6941100
2006-08-02,26.1500,26.3000,25.8900,26.0900,7810400
2006-08-01,26.5500,26.6400,25.8400,26.3200,13128800
2006-07-31,27.0200,27.2900,26.7400,26.8900,8038200
2006-07-28,26.8000,27.1800,26.5700,27.1700,12422000
2006-07-27,26.4500,26.8000,26.0000,26.5600,26393800
2006-07-26,28.7600,29.0000,25.9600,26.2600,76985200
2006-07-25,34.0000,34.1600,33.3900,33.5900,17230000
2006-07-24,33.3500,34.6800,33.3400,34.3100,7385400
2006-07-21,33.8500,33.9700,32.9200,33.1900,7136600
2006-07-20,34.3900,34.8100,33.8300,34.1800,5836200
2006-07-19,33.5000,34.7700,33.3900,34.4800,8866300
2006-07-18,33.6500,34.2900,32.9600,33.4900,5215000
2006-07-17,32.7900,33.9300,32.7900,33.6700,7197300
2006-07-14,33.5100,33.7300,32.8000,32.9200,8094800
2006-07-13,34.3300,34.6300,33.7100,33.7300,6455500
2006-07-12,35.6000,35.9000,34.5700,34.6300,4894700
2006-07-11,35.7400,35.9200,35.0100,35.6600,6088600
2006-07-10,36.3000,36.7000,35.4000,35.7900,3876700
2006-07-07,36.7100,37.2800,35.7500,36.1100,5004100
2006-07-06,37.0700,37.7400,36.5200,36.8000,4372700
2006-07-05,38.2800,38.4300,36.7800,37.1100,5734000
2006-07-03,38.5200,38.6200,38.2300,38.6100,1436300
2006-06-30,38.5800,38.8400,37.8300,38.6800,5191200
2006-06-29,36.8200,38.5700,36.7000,38.5200,6372500
2006-06-28,36.7000,37.1100,36.4800,36.7000,3751700
2006-06-27,36.7200,37.5000,36.1700,36.4800,5641000
2006-06-26,36.5500,37.1700,36.4300,36.7700,3605800
2006-06-23,36.4600,36.6500,36.0200,36.5500,3923400
2006-06-22,36.5500,36.8514,36.1100,36.3700,4732000
2006-06-21,35.3400,37.0500,35.3400,36.6500,7865300
2006-06-20,35.0100,35.6500,34.8800,35.4800,4465500
2006-06-19,35.2000,35.4800,35.0400,35.0700,4211600
2006-06-16,34.8800,35.2600,34.7000,35.0900,5135100
2006-06-15,33.8400,35.1700,33.6700,34.9600,6206100
2006-06-14,33.5000,33.9900,33.0800,33.6800,4869100
2006-06-13,33.4900,34.1700,33.1350,33.4700,5403000
2006-06-12,34.2100,34.4500,33.4900,33.6000,4195800
2006-06-09,33.5000,34.3500,33.4500,33.8800,5232600
2006-06-08,33.5500,34.0600,32.4200,33.5500,8311000
2006-06-07,33.4000,34.5400,32.9100,33.7700,5303800
2006-06-06,33.5800,33.8000,32.9300,33.4100,4276600
2006-06-05,34.4600,34.5400,33.2700,33.4900,5049400
2006-06-02,35.1900,35.2200,34.0500,34.7600,5442900
2006-06-01,34.6250,35.4500,34.3000,35.0700,5932000
2006-05-31,34.7350,34.9400,33.7300,34.6100,5196600
2006-05-30,35.7300,35.7500,34.4400,34.6400,5920800
2006-05-26,35.6600,36.5000,35.4600,36.0700,4524300
2006-05-25,35.3600,35.6900,34.6000,35.6300,5845700
2006-05-24,33.4100,35.2300,33.3700,35.1900,9542100
2006-05-23,35.0000,36.0000,33.7600,33.7600,8822700
2006-05-22,33.9600,34.9900,33.1800,34.8300,11122900
2006-05-19,32.6600,34.0000,32.0300,33.9400,9817200
2006-05-18,31.7100,33.6400,31.5200,32.6100,12027200
2006-05-17,32.4500,32.7000,31.5300,31.6100,6704100
2006-05-16,32.8400,33.0200,32.3200,32.7600,5221600
2006-05-15,32.5500,32.8500,32.2100,32.7800,4305000
2006-05-12,33.5500,33.7800,32.5500,32.7300,4873600
2006-05-11,34.1200,34.1500,33.0800,33.5300,7696000
2006-05-10,34.6800,35.0000,34.1000,34.1600,3300300
2006-05-09,34.4200,35.2600,34.2100,34.8400,5484700
2006-05-08,34.9900,35.3100,34.4700,34.6900,4236800
2006-05-05,34.6500,35.0400,34.1500,35.0400,5740900
2006-05-04,34.6200,34.7200,34.3800,34.4700,5997900
2006-05-03,34.3900,34.3900,33.5100,33.9600,7585900
2006-05-02,34.7500,34.9400,34.2300,34.3800,5857000
2006-05-01,35.0600,35.5700,34.4400,34.5900,7072700
2006-04-28,35.8000,35.8900,35.1400,35.2100,3492500
2006-04-27,35.4800,35.8700,35.3000,35.7400,5932500
2006-04-26,35.3500,36.3500,35.1500,35.7900,11071500
2006-04-25,35.5100,35.7700,35.0100,35.5500,12790500
2006-04-24,36.0000,36.1150,35.3200,35.7900,3087600
2006-04-21,36.7600,36.7800,35.7200,36.0300,4423500
2006-04-20,36.7000,37.2000,36.2300,36.3400,5387600
2006-04-19,36.0900,36.9600,35.8900,36.8900,4280500
2006-04-18,35.4800,36.4500,35.2000,36.2800,4595700
2006-04-17,36.5000,36.6200,35.0500,35.2700,4442200
2006-04-13,35.9000,36.7200,35.4900,36.6200,3715200
2006-04-12,35.9100,36.4400,35.9100,36.1300,2855800
2006-04-11,36.6100,36.7500,35.5200,36.0600,6605600
2006-04-10,37.2200,37.2800,36.2200,36.6100,4747500
2006-04-07,38.6100,38.6700,37.0000,37.0900,5704500
2006-04-06,37.2400,38.8400,37.1300,38.5100,9294600
2006-04-05,36.7700,37.3400,36.2700,37.3400,5559500
2006-04-04,36.1400,37.1000,36.0200,36.7700,3717800
2006-04-03,36.5600,37.3300,36.1000,36.1400,5054000
2006-03-31,36.7000,36.7700,36.4800,36.5300,2659000
2006-03-30,36.3200,36.9000,36.1800,36.6700,4049200
2006-03-29,35.7600,36.8100,35.3100,36.3200,7199200
2006-03-28,35.2200,36.0200,35.2000,35.6900,5727200
2006-03-27,35.4400,35.6600,35.1391,35.2500,3708500
2006-03-24,35.8200,36.1200,35.3100,35.4700,3682000
2006-03-23,35.9000,36.3400,35.4800,35.6800,4035900
2006-03-22,35.9700,36.5400,35.7900,36.0000,4300800
2006-03-21,36.2600,36.7300,35.6600,35.9200,6671600
2006-03-20,35.9000,37.2700,35.8000,36.2300,6170800
2006-03-17,36.7500,36.9800,35.8500,35.9900,6886200
2006-03-16,37.0000,37.3900,36.7400,36.7700,4822800
2006-03-15,36.9500,37.0000,36.4300,36.8900,2801500
2006-03-14,36.0400,37.0000,36.0100,36.9100,4185200
2006-03-13,36.2900,36.6300,35.9700,36.1900,3278100
2006-03-10,36.2450,36.5000,35.7400,36.2200,4972700
2006-03-09,36.8700,36.9600,35.9000,36.1200,7200100
2006-03-08,36.8700,37.4700,36.6100,36.8100,6236600
2006-03-07,36.8400,37.4200,36.7000,36.9300,4722300
2006-03-06,37.2300,37.5800,36.7700,36.8600,4258300
2006-03-03,36.8900,37.8300,36.6700,37.2100,6044900
2006-03-02,35.6500,37.0000,35.3700,36.8800,11583700
2006-03-01,37.4300,37.6900,36.8500,37.1200,6981500
2006-02-28,37.7800,38.0900,37.0500,37.4400,9150900
2006-02-27,38.4900,38.7800,37.9300,38.0100,4449100
2006-02-24,38.2500,38.4100,37.8600,38.3500,3720000
2006-02-23,38.6000,38.7500,37.8700,37.9000,9287500
2006-02-22,38.3100,39.1000,37.7100,38.7200,7356900
2006-02-21,39.0200,39.1100,38.2600,38.2900,5056100
2006-02-17,38.9700,39.3800,38.9100,39.1900,4581800
2006-02-16,39.4000,40.0000,38.8300,39.1500,5638000
2006-02-15,38.3400,39.2800,38.1000,39.2600,6902700
2006-02-14,37.9000,38.4900,37.3800,38.2500,4514200
2006-02-13,38.2900,38.4200,37.5300,37.8600,4750400
2006-02-10,37.9300,38.5200,37.3700,38.5200,5011800
2006-02-09,38.6900,39.0000,37.9300,37.9900,6932800
2006-02-08,37.7700,38.3900,37.1100,38.1700,7543700
2006-02-07,38.1400,38.2000,37.2000,37.5200,7403600
2006-02-06,38.2500,38.3400,37.7700,37.9500,8503200
2006-02-03,37.7500,38.5000,37.3700,38.3300,33531300
2006-02-02,43.9200,44.0400,39.8000,42.7400,23709300
2006-02-01,43.9100,44.6900,43.5000,43.9800,7501400
2006-01-31,45.0000,45.2100,44.2500,44.8200,4056000
2006-01-30,45.4800,45.9700,44.7399,44.9600,4099800
2006-01-27,44.6500,45.2200,44.5300,45.2200,4174000
2006-01-26,43.9500,44.7800,43.7900,44.6800,4889500
2006-01-25,44.0500,44.4700,43.3400,43.6000,4287100
2006-01-24,43.6600,44.4300,43.4200,44.0200,4342400
2006-01-23,44.1800,44.7500,43.5000,43.7300,5752800
2006-01-20,44.2300,44.3600,43.2000,43.9200,8307400
2006-01-19,44.4950,45.2392,44.3000,44.4500,5156900
2006-01-18,43.1900,44.5900,43.1000,44.3200,8743300
2006-01-17,44.1200,44.3200,43.6600,44.0000,5631000
2006-01-13,44.4750,44.8500,44.0000,44.4000,4432200
2006-01-12,44.6500,45.0900,44.0900,44.3600,5818300
2006-01-11,45.6500,45.7000,44.2600,44.9300,8497200
2006-01-10,46.5000,46.7500,45.3600,45.6510,9686100
2006-01-09,46.5500,47.1000,46.4000,47.0800,8943100
2006-01-06,47.9700,48.5800,47.3200,47.8700,6152900
2006-01-05,47.1600,48.2000,47.1100,47.6500,5417200
2006-01-04,47.4850,47.7300,46.6900,47.2500,7440900
2006-01-03,47.4700,47.8500,46.2500,47.5800,7582200
2005-12-30,47.7300,48.1999,47.1400,47.1500,5401100
2005-12-29,48.0000,48.4600,47.9700,47.9900,3171100
2005-12-28,48.4900,48.5500,47.9000,48.0600,4531800
2005-12-27,48.9000,49.1000,48.3600,48.5600,5818700
2005-12-23,49.0850,49.3900,48.7200,49.2200,3206500
2005-12-22,48.9000,49.2800,48.3600,49.2200,4421800
2005-12-21,48.2900,49.0600,47.7800,48.9700,7322500
2005-12-20,48.4600,48.6000,47.6800,48.1400,5535200
2005-12-19,48.9900,50.0010,48.3200,48.3700,8308700
2005-12-16,49.4000,49.9200,49.2100,49.2100,5626500
2005-12-15,49.5000,49.9500,49.0500,49.4800,5820500
2005-12-14,49.2000,49.6000,48.7900,49.4100,4965900
2005-12-13,48.5400,49.6700,48.4800,49.5000,5812800
2005-12-12,49.1500,49.3000,48.6400,49.0700,3424300
2005-12-09,48.6500,49.0400,48.2500,48.7400,4709000
2005-12-08,48.8300,49.1000,47.8600,48.3500,7144000
2005-12-07,49.3100,49.4700,48.2900,48.8300,6796800
2005-12-06,49.0600,49.9000,49.0600,49.2600,9581400
2005-12-05,48.8600,49.3500,48.7500,48.8300,5250900
2005-12-02,48.9200,49.5300,48.4000,49.0600,6451600
2005-12-01,48.8800,49.4000,48.6300,49.0000,7866700
2005-11-30,48.4800,48.6800,47.5500,48.4600,7925600
2005-11-29,48.3100,49.4300,48.1200,48.5500,10384400
2005-11-28,48.1500,49.1200,47.6200,48.3500,10670900
2005-11-25,48.0500,48.4800,47.6200,48.0600,2695800
2005-11-23,48.6400,48.9600,48.0900,48.2400,7483200
2005-11-22,47.5000,49.0100,47.3400,48.8500,12990700
2005-11-21,47.5700,48.3100,47.2800,47.9900,17869900
2005-11-18,46.9000,48.0000,46.6600,47.9800,59332800
2005-11-17,45.4300,46.7600,45.3600,46.7400,11687600
2005-11-16,44.3500,45.4000,44.2400,45.3000,7967000
2005-11-15,45.4600,45.6500,44.4300,44.4500,21277900
2005-11-14,42.5200,43.0000,42.3400,42.5300,3103100
2005-11-11,42.3700,43.0400,42.2500,42.6800,3982200
2005-11-10,41.4700,42.4500,40.8600,42.1800,5585500
2005-11-09,41.7900,42.0000,41.2800,41.4000,3471600
2005-11-08,41.2800,42.1100,41.0300,41.9500,4950800
2005-11-07,41.0800,41.4700,40.5500,41.3900,3386100
2005-11-04,41.4900,41.8000,40.9100,41.0900,4445400
2005-11-03,40.8900,42.0001,40.8500,41.5600,7000000
2005-11-02,40.2900,41.2300,39.8000,40.7500,4861800
2005-11-01,39.9700,40.7400,39.6500,40.3700,5383000
2005-10-31,39.3500,40.3900,39.1200,39.8600,6780600
2005-10-28,39.5500,39.6500,38.7200,38.9500,6159200
2005-10-27,39.6400,39.9000,38.8600,39.0600,8770300
2005-10-26,41.0000,41.1000,39.4800,39.7500,30104700
2005-10-25,46.8800,47.0000,46.0400,46.1700,11438700
2005-10-24,46.1200,46.9600,45.8600,46.9300,5475900
2005-10-21,45.6700,46.0500,45.1500,45.9500,4624800
2005-10-20,45.9000,46.0700,44.6800,45.0100,5929200
2005-10-19,44.5400,45.8600,44.2800,45.8600,6528500
2005-10-18,44.9200,45.0500,44.3000,44.6500,4457700
2005-10-17,43.6300,45.0200,43.6200,45.0200,5225000
2005-10-14,43.0000,43.8700,42.3400,43.7900,4577600
2005-10-13,42.4300,42.9800,41.9000,42.6200,3832800
2005-10-12,42.9100,43.6800,42.4400,42.5500,5704200
2005-10-11,43.9200,44.3200,43.2300,43.4000,5301800
2005-10-10,43.8200,44.3800,43.5800,43.7600,3680300
2005-10-07,44.2700,44.6100,43.3800,43.7200,3392500
2005-10-06,44.5600,44.8100,43.3300,44.0100,6192900
2005-10-05,44.9100,45.2900,43.8900,44.4900,6452700
2005-10-04,46.0000,46.1200,44.5000,44.9300,6521500
2005-10-03,45.3300,46.5900,45.1600,46.0100,5829200
2005-09-30,44.6500,45.8400,44.6000,45.3000,6056000
2005-09-29,43.3800,44.8000,43.1300,44.7900,6392800
2005-09-28,43.2500,43.7400,42.9900,43.3700,3239700
2005-09-27,43.2600,43.7300,42.8200,43.1600,4173500
2005-09-26,42.4500,43.4200,42.4000,43.3400,5616400
2005-09-23,41.9700,42.6200,41.5500,42.1900,3145400
2005-09-22,41.2000,42.2700,40.5000,42.0800,5838000
2005-09-21,41.8500,42.6400,41.2500,41.2500,5313800
2005-09-20,42.6500,43.0100,41.7700,41.8700,3472000
2005-09-19,42.6300,43.4300,42.1700,42.7500,3440300
2005-09-16,42.8000,42.9200,42.1200,42.8000,4111700
2005-09-15,43.2000,43.5900,42.6500,42.7100,4587900
2005-09-14,43.8800,44.7300,42.8200,43.1000,6318000
2005-09-13,44.1700,44.3800,43.4400,43.9300,4505200
2005-09-12,42.7200,44.9600,42.6900,44.5000,8779400
2005-09-09,42.9900,43.2000,42.8100,42.9500,3288700
2005-09-08,43.4500,43.4900,42.8300,42.9600,3884200
2005-09-07,43.5000,44.3000,43.4500,43.7300,6141500
2005-09-06,41.5500,43.6500,41.5100,43.6200,7939800
2005-09-02,42.0000,42.0500,41.0400,41.5100,4027100
2005-09-01,42.5200,42.9700,41.7500,41.8400,4429000
2005-08-31,42.4400,42.8100,42.0400,42.7000,3369200
2005-08-30,42.3900,42.7100,41.9600,42.4900,3874200
2005-08-29,41.9100,43.0000,41.9100,42.7900,3653900
2005-08-26,42.3000,42.6300,42.2600,42.3700,2860700
2005-08-25,42.5400,42.8000,42.0800,42.3100,3092200
2005-08-24,43.3200,43.3200,42.2700,42.3700,5871900
2005-08-23,43.7400,43.9700,43.2200,43.4200,3517700
2005-08-22,43.6100,44.2700,42.9400,43.7700,5374100
2005-08-19,43.6000,43.7700,43.3301,43.7200,3323900
2005-08-18,43.8800,43.9000,43.5100,43.7300,3604300
2005-08-17,44.1900,44.4300,44.1200,44.1200,3050400
2005-08-16,44.9000,44.9400,44.2000,44.2700,3625100
2005-08-15,43.9300,45.3500,43.8800,45.0400,5525100
2005-08-12,44.6300,45.7200,44.0500,44.2000,6474100
2005-08-11,44.6200,45.2110,44.5000,45.2100,5842200
2005-08-10,45.3900,45.5700,44.5900,44.7600,9921200
2005-08-09,45.7600,46.4390,45.7500,45.9300,4591200
2005-08-08,45.3200,45.9000,45.2600,45.6600,4454900
2005-08-05,45.2500,45.7100,45.1700,45.2700,4951500
2005-08-04,45.5500,45.7700,45.4200,45.4600,4977200
2005-08-03,46.0100,46.1800,45.8400,46.1100,4832500
2005-08-02,44.9000,46.9700,44.8800,46.5100,10836400
2005-08-01,44.8800,45.1900,44.3500,44.9300,7127200
2005-07-29,45.3100,45.7500,44.6100,45.1500,10491800
2005-07-28,43.5400,45.8100,43.3700,45.6800,25141500
2005-07-27,42.0100,43.7400,41.8400,43.6500,46075600
2005-07-26,38.2200,38.7500,37.7200,37.7400,14782300
2005-07-25,38.0000,39.0400,37.8500,37.9500,5470000
2005-07-22,37.8900,38.2300,37.2400,37.9500,5871100
2005-07-21,38.9600,39.7500,37.7600,37.9500,11055600
2005-07-20,37.4900,38.2500,37.3000,38.1700,6368400
2005-07-19,37.3800,38.1700,36.6900,38.1700,5840600
2005-07-18,36.9500,37.1900,36.7600,37.1900,2973300
2005-07-15,37.3500,37.5000,36.7500,37.1500,5209000
2005-07-14,37.1900,37.4200,36.8800,37.1900,5863300
2005-07-13,36.2700,36.5500,36.1900,36.5100,3201800
2005-07-12,35.4900,36.5400,35.4600,36.3100,5877200
2005-07-11,34.7200,35.6800,34.6000,35.5900,5166000
2005-07-08,34.1100,34.7500,33.8500,34.7400,4257000
2005-07-07,33.8000,34.5100,33.8000,33.9600,4242900
2005-07-06,34.0100,34.4000,33.8600,34.0600,4397200
2005-07-05,33.5000,34.4800,33.4500,34.0800,7383800
2005-07-01,33.2400,33.2700,32.7900,32.9100,2932700
2005-06-30,33.4700,33.5600,32.9300,33.0900,5715700
2005-06-29,33.7000,34.0700,33.2700,33.3500,4813300
2005-06-28,34.6000,34.6300,33.5900,33.7100,7034300
2005-06-27,34.9100,35.0500,34.1700,34.5000,4556300
2005-06-24,35.3000,35.4400,34.8801,35.0200,3675500
2005-06-23,35.1400,35.5600,35.1000,35.4300,5302200
2005-06-22,35.5000,35.8500,35.1400,35.2200,2507300
2005-06-21,35.6000,35.8100,35.2800,35.3800,4457100
2005-06-20,35.0500,35.9700,35.0400,35.6900,5097300
2005-06-17,35.8900,36.0700,35.1600,35.3100,4826100
2005-06-16,35.2000,35.8100,35.1600,35.5800,4205500
2005-06-15,35.3400,35.4100,34.5200,35.2400,5151800
2005-06-14,34.8200,35.1700,34.7900,35.0400,3634400
2005-06-13,34.6700,35.4100,34.6500,34.8700,3912000
2005-06-10,35.2500,35.2900,34.4700,34.9500,3467500
2005-06-09,34.9300,35.2800,34.4000,35.2000,3872500
2005-06-08,35.4000,35.4800,34.8000,34.8300,5314100
2005-06-07,35.9100,36.2000,35.2900,35.3500,4884800
2005-06-06,35.5400,36.0200,35.4800,35.7700,3881500
2005-06-03,36.4600,36.5000,35.3200,35.5900,4835900
2005-06-02,36.3300,36.9110,36.2100,36.4100,4768300
2005-06-01,35.5700,36.9900,35.4400,36.5000,10320200
2005-05-31,35.3600,36.0400,35.2900,35.5100,4930200
2005-05-27,35.2200,35.5500,35.1500,35.5000,3287100
2005-05-26,35.2800,35.6800,35.1700,35.4500,4787100
2005-05-25,35.2700,35.4500,35.1900,35.2500,3872900
2005-05-24,35.4800,35.5700,35.1300,35.5400,5914600
2005-05-23,35.5700,36.0200,35.3900,35.6800,5701400
2005-05-20,35.4500,35.6000,34.9600,35.5000,5042800
2005-05-19,35.3700,35.9100,35.3300,35.5900,5343500
2005-05-18,34.8100,35.9700,34.7300,35.3300,9557500
2005-05-17,34.4500,34.8200,34.0900,34.7300,3315700
2005-05-16,34.0300,34.7700,33.9200,34.5400,4280700
2005-05-13,33.9900,34.3500,33.8000,33.9000,3991800
2005-05-12,33.7000,34.1200,33.5500,33.8500,6005000
2005-05-11,34.3000,34.5100,33.6500,33.8200,6048000
2005-05-10,34.4000,34.4700,34.0200,34.2300,5475000
2005-05-09,34.4000,34.8000,34.2500,34.6400,4431600
2005-05-06,34.2400,34.6900,34.1400,34.5200,6713500
2005-05-05,33.9600,34.1800,33.5900,33.9600,4616900
2005-05-04,33.3500,34.1200,33.2700,33.9600,7756600
2005-05-03,32.9400,33.5600,32.8900,33.2100,6777900
2005-05-02,32.3000,33.2800,32.1000,33.1000,9098000
2005-04-29,32.8600,32.8900,31.5200,32.3600,10523500
2005-04-28,31.6600,32.9200,31.6300,32.5200,14472800
2005-04-27,30.8400,31.7400,30.6000,31.7200,29312900
2005-04-26,33.3200,33.9800,32.5800,32.7100,13969300
2005-04-25,33.1300,33.5900,33.0500,33.5300,4245400
2005-04-22,33.4900,33.6300,32.9100,33.0400,6392000
2005-04-21,33.5000,33.8900,32.8900,33.6700,7694700
2005-04-20,33.1000,33.7600,32.9000,33.2500,9215500
2005-04-19,33.1800,33.3700,32.0100,32.7800,6619400
2005-04-18,32.9000,33.5800,32.8400,33.0000,6917000
2005-04-15,33.9600,34.0000,33.0200,33.0200,5985000
2005-04-14,34.2600,34.5000,33.8800,33.9700,4178400
2005-04-13,34.3500,34.7100,34.1500,34.3000,4125100
2005-04-12,34.4000,34.6400,33.6600,34.6300,6197200
2005-04-11,34.6000,35.0000,34.3600,34.6000,3253100
2005-04-08,34.7500,34.9300,34.5700,34.6000,3013000
2005-04-07,34.6800,34.9200,34.5000,34.9000,3807300
2005-04-06,35.1000,35.2000,34.6200,34.8200,5276100
2005-04-05,35.2300,35.3400,34.9900,35.2800,4933000
2005-04-04,34.0000,35.1800,33.8100,35.0000,7342200
2005-04-01,34.6300,34.7100,33.7800,34.0100,5018400
2005-03-31,34.4900,34.5500,34.0000,34.2700,3554300
2005-03-30,33.5900,34.5200,33.5100,34.3200,5349800
2005-03-29,33.2800,34.1500,33.2300,33.4300,6137300
2005-03-28,33.1000,33.6500,33.0200,33.3900,4326600
2005-03-24,33.4000,33.8800,32.8700,32.8800,5337300
2005-03-23,33.0900,33.8400,32.8200,33.1800,6323700
2005-03-22,33.7000,33.9400,33.0700,33.1500,5490700
2005-03-21,34.2100,34.6300,33.5400,33.6700,6084400
2005-03-18,34.1500,34.2800,33.6500,34.1600,5294700
2005-03-17,33.5800,34.4400,33.5800,33.9700,4858000
2005-03-16,33.8800,34.4400,33.6000,33.8700,5370000
2005-03-15,34.5800,34.8500,33.9000,34.1800,5070600
2005-03-14,34.6700,34.7500,34.0000,34.6000,5433500
2005-03-11,34.8100,34.8700,34.0500,34.7500,8010300
2005-03-10,35.3100,35.7100,34.5700,34.9100,5872300
2005-03-09,35.8000,36.5000,34.9000,35.3990,7412300
2005-03-08,36.3100,36.4299,35.7500,35.8300,4792900
2005-03-07,35.9400,36.4000,35.8100,36.3200,3585900
2005-03-04,35.8400,36.3100,35.7000,35.8500,5545700
2005-03-03,35.5600,35.9600,35.4000,35.6500,5025600
2005-03-02,35.3900,35.9300,35.0700,35.5000,4871700
2005-03-01,35.0600,35.4100,34.8200,35.3900,5819000
2005-02-28,34.6800,35.6600,34.6650,35.1800,8422900
2005-02-25,34.7200,35.2300,34.4800,34.9900,5882300
2005-02-24,33.7300,34.8500,33.6600,34.6900,8389200
2005-02-23,34.9500,34.9700,33.2000,34.1400,10500400
2005-02-22,35.0200,35.3900,34.5100,34.7200,6855700
2005-02-18,35.5700,35.7500,35.1000,35.3100,4529700
2005-02-17,35.7400,35.8500,35.2500,35.6900,5298100
2005-02-16,35.9300,36.3500,35.5800,35.6600,5229800
2005-02-15,36.2100,36.4500,35.7500,36.1400,5177700
2005-02-14,36.1582,36.6300,35.5000,36.0300,6983100
2005-02-11,35.5700,35.9500,35.0000,35.7800,7841700
2005-02-10,36.0700,36.1100,35.5300,35.7800,7982400
2005-02-09,36.4500,36.8000,35.8700,35.8900,7938800
2005-02-08,35.5400,36.5200,35.5300,36.3000,9602500
2005-02-07,35.8100,35.8400,35.5500,35.6900,7112400
2005-02-04,35.6500,35.9800,35.1900,35.7200,17304700
2005-02-03,34.9000,35.8900,34.5300,35.7500,60518600
2005-02-02,43.0500,43.5900,40.8600,41.8800,26323600
2005-02-01,43.0000,43.2700,42.3800,42.4800,6761500
2005-01-31,42.5200,43.4200,42.4300,43.2200,6320300
2005-01-28,42.0900,43.0000,41.5300,42.2200,6152400
2005-01-27,41.2700,42.4000,41.1400,42.3100,8038400
2005-01-26,41.1800,41.8000,40.2600,41.3400,7714900
2005-01-25,40.6000,41.4400,40.4500,40.9400,9027900
2005-01-24,41.3200,41.9500,40.3100,40.3800,9695900
2005-01-21,41.9600,42.5500,41.0200,41.1600,10602700
2005-01-20,41.6900,42.6800,41.6400,42.3600,12830600
2005-01-19,44.4400,44.7400,43.4300,43.9600,7396700
2005-01-18,44.2400,45.0000,44.1500,44.5800,7131600
2005-01-14,42.9000,44.6600,42.3600,44.5500,12533000
2005-01-13,42.4500,44.5800,42.3400,42.6000,17393600
2005-01-12,41.4900,42.4800,40.8200,42.3000,8072300
2005-01-11,41.4000,42.1600,41.0100,41.6400,7920300
2005-01-10,42.0500,42.9600,41.7100,41.8400,7347900
2005-01-07,41.3300,42.6900,41.1600,42.3200,9836600
2005-01-06,41.8100,42.2500,40.9000,41.0500,8700900
2005-01-05,41.5700,42.7600,41.5600,41.7700,8354200
2005-01-04,42.6200,43.2600,41.5000,42.1400,19418500
2005-01-03,44.9500,45.4400,44.2100,44.5200,10446500
2004-12-31,45.1600,45.4900,44.1600,44.2900,4790700
2004-12-30,45.0100,45.5300,44.5500,44.9700,6965900
2004-12-29,44.7500,45.6800,44.4400,44.8200,11759200
2004-12-28,43.9400,45.1200,43.5000,44.6300,25237800
2004-12-27,39.5200,42.9300,39.4700,42.2500,22289200
2004-12-23,39.3500,39.5200,38.9200,38.9300,3206800
2004-12-22,38.6100,39.5900,38.5500,39.5200,5276300
2004-12-21,38.8400,39.4200,38.6400,39.3900,5229400
2004-12-20,39.8700,40.4900,38.8100,38.9500,7215700
2004-12-17,40.1600,40.2200,39.8700,40.0100,5486000
2004-12-16,40.8800,41.0000,39.7100,40.0500,5414900
2004-12-15,40.3300,41.0000,40.2100,41.0000,6674200
2004-12-14,40.1500,40.4700,39.9400,40.4400,5251500
2004-12-13,39.3100,40.2800,38.8200,39.8300,6052100
2004-12-10,39.6900,40.1000,39.0000,39.0500,5510700
2004-12-09,38.4000,39.9500,38.1700,39.8200,7446700
2004-12-08,38.3200,39.1000,37.9900,38.7200,6421700
2004-12-07,39.4200,39.7500,38.0500,38.2000,7093400
2004-12-06,39.8500,39.9800,39.1500,39.4900,6088000
2004-12-03,40.3600,40.4600,39.5400,40.0900,8247700
2004-12-02,39.6400,40.7400,39.2800,40.1700,6600900
2004-12-01,40.0000,40.0000,39.2500,39.9800,7756000
2004-11-30,38.9900,39.8000,38.9500,39.6800,7028600
2004-11-29,39.5750,39.6200,37.7100,38.9400,9874100
2004-11-26,38.9500,39.3400,38.8900,39.0900,2337700
2004-11-24,38.8700,39.1600,38.1000,38.7500,5940900
2004-11-23,38.1800,39.6800,38.0300,38.3100,7405600
2004-11-22,38.3700,38.5300,37.5800,38.0500,8868600
2004-11-19,39.1500,39.4400,38.1900,38.5500,11427500
2004-11-18,39.7300,40.9600,39.5900,40.3700,6806800
2004-11-17,40.4000,40.5900,39.5400,39.9000,6843600
2004-11-16,40.3500,40.6600,39.7500,40.0700,6401300
2004-11-15,40.3400,41.5000,40.1800,40.8900,10366200
2004-11-12,39.1000,40.9400,39.0000,40.4600,11596000
2004-11-11,38.0900,39.0000,37.6400,38.8300,6835000
2004-11-10,38.0200,38.8400,37.8300,38.0900,10655200
2004-11-09,36.9500,37.8100,36.7000,37.4000,6479900
2004-11-08,36.7500,37.5800,36.7200,37.3200,6886500
2004-11-05,37.3600,37.3900,36.0200,36.5600,7399100
2004-11-04,35.7000,37.2900,35.5200,36.9100,7600300
2004-11-03,37.2100,37.6200,35.5600,35.9200,10208200
2004-11-02,35.4600,36.4900,35.1400,36.2400,11332500
2004-11-01,34.2300,35.1526,34.1500,35.1000,6181300
2004-10-29,34.3600,34.4500,34.0000,34.1300,6491600
2004-10-28,34.3400,34.7700,34.1400,34.4500,7220600
2004-10-27,33.6300,34.6300,33.6200,34.2300,9060700
2004-10-26,34.1500,34.2600,33.5100,33.8300,9742500
2004-10-25,34.0200,34.4100,33.7200,33.9700,10531800
2004-10-22,36.2200,36.8000,33.0000,34.6000,33544300
2004-10-21,39.4800,40.1900,38.5000,39.4700,19217100
2004-10-20,38.1100,38.5900,37.7900,38.3500,6798500
2004-10-19,39.7400,39.8500,38.1700,38.3300,8802600
2004-10-18,38.2800,39.4700,37.8900,39.2700,8093200
2004-10-15,39.3000,39.6700,37.8800,38.5500,8205600
2004-10-14,39.4700,39.5500,38.7300,39.1000,9026200
2004-10-13,41.4300,41.5500,39.7500,39.9800,9220200
2004-10-12,39.5500,40.5800,39.4700,40.2200,6421000
2004-10-11,39.8200,40.7500,39.4100,40.1500,7928300
2004-10-08,40.9400,41.1900,39.6300,40.0000,8546200
2004-10-07,41.4300,42.7000,40.8500,41.1500,9394400
2004-10-06,40.7300,41.4100,40.4000,41.3600,5128100
2004-10-05,40.8400,41.2500,40.5700,40.9600,5134000
2004-10-04,41.3000,41.6800,40.7400,41.0100,8792600
2004-10-01,41.2500,41.3000,40.3900,40.4700,11268900
2004-09-30,40.5500,41.2800,40.2100,40.8600,9413300
2004-09-29,39.4500,40.9200,39.3600,40.8400,9918800
2004-09-28,40.2700,40.3300,38.9700,39.4300,11902900
2004-09-27,40.7100,41.0100,39.7500,39.9300,8397400
2004-09-24,41.8100,41.9100,40.8500,40.9400,6205700
2004-09-23,41.3300,42.2000,41.1100,41.8300,7411000
2004-09-22,43.1500,43.2400,41.1700,41.3800,12216800
2004-09-21,43.5700,43.7700,42.7700,43.2930,6695500
2004-09-20,42.7600,43.9900,42.6100,43.2700,9222400
2004-09-17,42.8500,43.2600,42.3900,42.9600,7884200
2004-09-16,42.4500,44.2800,42.3500,42.5700,11596600
2004-09-15,42.0000,43.1800,41.8700,42.2100,11135800
2004-09-14,40.2100,42.7500,39.9000,42.6700,15872100
2004-09-13,39.1310,40.0400,38.8200,40.0100,8065200
2004-09-10,38.2000,38.8000,37.9000,38.5700,4634500
2004-09-09,38.2300,38.3100,37.3600,38.0700,6956700
2004-09-08,38.4200,38.8100,37.7100,38.0100,6611300
2004-09-07,39.0300,39.3600,38.1100,38.5100,5833000
2004-09-03,39.0100,40.0100,38.6400,38.7400,5228900
2004-09-02,38.0300,39.6400,37.9100,39.1800,5722300
2004-09-01,38.2300,39.0100,38.0200,38.2400,5252500
2004-08-31,38.4900,38.8500,37.8600,38.1400,6143200
2004-08-30,39.8500,39.9500,38.2500,38.3100,7711500
2004-08-27,40.3100,40.3900,39.6000,39.9000,4240400
2004-08-26,40.1800,40.8300,39.7000,40.1900,6971700
2004-08-25,39.0100,40.4900,38.1600,40.3000,7254800
2004-08-24,39.7100,39.9300,38.3200,39.0500,7640400
2004-08-23,39.8400,40.0000,39.1100,39.4500,5532600
2004-08-20,38.4500,39.9100,38.1100,39.5100,6790800
2004-08-19,40.2600,40.4800,36.3500,38.6300,12696100
2004-08-18,37.9200,39.5400,37.4200,39.3600,9549800
2004-08-17,38.4900,39.4400,37.9000,38.2300,11163000
2004-08-16,36.1400,38.4000,35.9800,37.9500,8164300
2004-08-13,36.5600,37.0000,35.8700,36.1300,4981100
2004-08-12,36.2100,37.3500,36.1700,36.2900,9118100
2004-08-11,36.4000,36.9000,35.6000,36.5600,9448100
2004-08-10,35.6800,37.2000,35.5500,37.1000,10070400
2004-08-09,35.3400,36.3000,34.8500,35.3200,9167200
2004-08-06,35.2500,36.6700,34.8500,35.4900,11513100
2004-08-05,37.3980,37.4800,35.3800,35.6100,8402400
2004-08-04,36.8600,37.4600,36.4000,37.1200,9765600
2004-08-03,38.2800,39.0800,37.2300,37.6100,7785600
2004-08-02,38.3200,38.7600,37.8100,38.3000,5912200
2004-07-30,38.5000,39.4200,38.2300,38.9200,6031500
2004-07-29,38.2900,38.9600,38.0200,38.5800,8200000
2004-07-28,39.2100,39.5700,37.3800,37.9700,10183600
2004-07-27,39.1800,39.9100,38.8000,39.1100,10534900
2004-07-26,40.1000,40.2400,38.3300,38.7800,13972400
2004-07-23,42.4700,42.7600,39.5600,39.9800,35927200
2004-07-22,43.7000,46.0700,43.6400,45.8200,16391000
2004-07-21,47.3200,47.6000,44.5200,44.7600,9336500
2004-07-20,46.1400,47.8500,46.1200,46.9900,7626300
2004-07-19,47.2200,47.2600,45.1500,46.0200,9847100
2004-07-16,48.9900,49.0600,46.7800,47.1000,9286900
2004-07-15,49.5700,49.6700,48.1200,48.6700,5244100
2004-07-14,49.0600,50.4000,48.8900,49.5000,5065600
2004-07-13,49.1500,49.9800,48.8700,49.6000,4908800
2004-07-12,48.1500,49.3500,48.0300,49.0500,7066900
2004-07-09,49.8200,50.0010,47.8200,48.3200,8033500
2004-07-08,48.5200,49.9700,48.4700,49.5000,10033900
2004-07-07,50.7900,52.0300,50.2400,51.0000,6515600
2004-07-06,52.5500,52.6000,50.4900,51.2400,6156900
2004-07-02,52.6000,53.2400,51.8300,52.5900,4862400
2004-07-01,53.7300,54.0400,52.0500,52.5600,7211900
2004-06-30,53.7000,54.7000,53.4200,54.4000,6899100
2004-06-29,53.2500,53.9400,52.6500,53.7100,8589400
2004-06-28,52.5000,54.0400,52.2000,53.3900,11503900
2004-06-25,51.0200,51.9300,50.8700,51.8000,6998100
2004-06-24,51.0000,51.9400,50.6900,51.0200,6760100
2004-06-23,48.7800,51.0000,48.3500,50.8100,7594700
2004-06-22,49.7000,49.7900,48.2400,49.0000,8120500
2004-06-21,49.4600,50.3000,49.2500,49.7700,4490300
2004-06-18,49.5000,50.2800,49.4000,49.6000,4416700
2004-06-17,50.4900,50.9100,49.4100,49.7700,5875500
2004-06-16,50.1100,50.7500,49.9100,50.5700,4097600
2004-06-15,49.7400,50.6000,49.4900,50.1100,6912500
2004-06-14,49.3600,49.9900,49.0400,49.2500,5180900
2004-06-10,50.3600,50.4700,49.2600,49.9400,7209000
2004-06-09,51.6000,51.8300,50.0100,50.2400,6579400
2004-06-08,51.4000,52.1200,51.1000,51.9400,5994700
2004-06-07,51.6900,51.9900,50.6500,51.7600,7688000
2004-06-04,50.1300,51.5100,50.0000,50.9500,12585600
2004-06-03,49.9300,50.3500,49.3200,49.4000,8341400
2004-06-02,50.4500,51.2100,49.7700,50.3500,12473500
2004-06-01,47.8800,50.4500,47.7000,50.2300,12940300
2004-05-28,47.2700,48.6800,46.8800,48.5000,10629100
2004-05-27,45.2600,47.8300,44.8500,47.6200,14175200
2004-05-26,43.8600,45.0000,43.6700,44.6900,7397600
2004-05-25,41.7500,43.8600,41.3900,43.6200,7222000
2004-05-24,41.2900,42.3000,41.1700,41.6300,5073900
2004-05-21,41.2800,41.4800,40.5500,41.1700,5272900
2004-05-20,41.6500,41.9700,40.8000,40.9800,5926300
2004-05-19,42.3773,43.2700,41.4700,41.6900,7379400
2004-05-18,42.2400,42.4000,41.8300,41.9900,5602000
2004-05-17,42.2400,42.5900,41.7000,42.0800,6625700
2004-05-14,43.7000,43.9200,42.7600,43.0500,5126600
2004-05-13,42.4600,44.1300,42.2500,43.6100,8261200
2004-05-12,42.3400,43.1500,41.2500,43.0200,7486200
2004-05-11,41.9100,43.0400,41.9000,42.7000,7595600
2004-05-10,41.2500,42.1470,40.5700,41.2600,10209000
2004-05-07,42.9600,44.1800,41.6800,41.9000,9292600
2004-05-06,43.5900,44.2500,42.7700,43.1400,7818400
2004-05-05,43.9700,45.0500,43.9500,44.2600,4890500
2004-05-04,44.4100,44.5700,43.7000,43.9500,7288900
2004-05-03,43.4500,45.1500,43.4100,44.4100,6923400
2004-04-30,46.0600,46.3500,43.3100,43.6000,9841300
2004-04-29,46.9300,47.0800,45.5100,46.1900,9035700
2004-04-28,47.6200,48.3500,46.6400,46.9700,6127600
2004-04-27,47.5900,48.8000,46.7900,48.0000,8983700
2004-04-26,46.2491,47.7600,46.1500,47.2500,7314200
2004-04-23,45.9000,46.8873,45.5100,46.2900,14599400
2004-04-22,45.9500,49.1000,45.8900,48.8600,15798200
2004-04-21,45.2500,46.4900,44.9100,45.7200,6054200
2004-04-20,47.6200,47.8100,45.1800,45.2000,9376100
2004-04-19,45.3600,47.2700,45.1200,47.1100,5352500
2004-04-16,47.0700,47.1000,45.3337,45.5000,8393500
2004-04-15,46.9400,47.6000,46.0000,46.9900,5603500
2004-04-14,45.9800,47.6600,45.9800,46.7900,6144100
2004-04-13,48.0000,48.3400,46.3600,46.5800,5724400
2004-04-12,48.0500,48.3700,47.5700,47.9600,4345900
2004-04-08,47.8300,48.1500,47.0000,48.1000,8879700
2004-04-07,46.2000,46.8000,45.3900,45.8500,4550600
2004-04-06,46.3100,46.9700,45.7500,46.4400,5916300
2004-04-05,45.6700,47.0900,45.5900,46.9600,5939100
2004-04-02,45.8700,46.2500,45.2500,46.0900,8148100
2004-04-01,43.4400,44.8400,43.3000,44.7400,6508500
2004-03-31,43.8500,44.0000,42.9500,43.2800,4674900
2004-03-30,42.7100,43.9300,42.5600,43.8000,5452900
2004-03-29,42.0700,42.8000,41.9700,42.7600,5561000
2004-03-26,42.0100,42.4900,41.2900,41.7000,5740400
2004-03-25,40.0000,42.2000,40.0000,41.9900,7112700
2004-03-24,40.3500,40.3800,39.1500,39.6300,7875900
2004-03-23,41.2100,41.7400,39.8500,40.2300,11225700
2004-03-22,41.7500,41.8500,40.5100,40.8500,8975100
2004-03-19,43.0800,43.7500,42.6300,42.8000,5754900
2004-03-18,42.5300,43.2000,42.2100,43.0100,5724300
2004-03-17,43.0000,43.4500,42.5900,42.8000,5107300
2004-03-16,41.4600,42.3600,41.2600,42.1300,6218200
2004-03-15,42.2600,42.8000,40.9200,41.0800,6612200
2004-03-12,41.3500,42.6100,41.3000,42.4400,6223800
2004-03-11,41.0900,42.3700,41.0400,41.2800,7042600
2004-03-10,42.7200,43.2000,41.4600,41.5500,6932700
2004-03-09,43.2800,43.8900,42.2700,42.7100,6593100
2004-03-08,43.9900,45.0600,43.1300,43.5000,6608500
2004-03-05,43.7200,44.8300,43.5300,44.0900,6426500
2004-03-04,43.1600,44.4700,43.1000,44.3900,7380100
2004-03-03,41.7200,43.3800,41.6500,43.1700,9601600
2004-03-02,42.7300,43.4900,41.8600,42.0100,6966600
2004-03-01,42.8800,43.4800,42.5800,42.9700,4959500
2004-02-27,43.4300,43.6000,42.5200,43.0100,7163600
2004-02-26,43.0000,43.8500,43.0000,43.6500,5960300
2004-02-25,42.5000,43.2900,42.5000,42.9400,7152800
2004-02-24,43.9000,43.9400,42.2300,42.3200,11095300
2004-02-23,45.1900,45.2530,43.3500,43.9690,9341900
2004-02-20,44.8000,45.3800,44.7300,45.1700,7475300
2004-02-19,45.1500,46.1600,44.6500,44.6500,7442500
2004-02-18,45.3600,45.3700,44.6400,44.8700,7953500
2004-02-17,46.1400,46.4500,44.8000,45.5300,11038200
2004-02-13,47.2900,47.7000,46.2400,46.3800,5431700
2004-02-12,47.0000,48.1000,46.7100,47.0600,6757200
2004-02-11,45.8500,47.3630,45.5400,47.1400,7881700
2004-02-10,45.8500,46.2500,45.5100,45.5900,4949000
2004-02-09,46.7500,46.8000,45.7000,45.8600,6146100
2004-02-06,46.2000,46.7300,45.5100,46.3500,6508100
2004-02-05,46.0300,47.0900,45.9040,46.0400,13189500
2004-02-04,44.8000,45.9100,44.3000,45.3900,21600700
2004-02-03,48.1900,48.2800,44.5200,44.9400,27071400
2004-02-02,50.5600,50.6500,47.9500,48.2700,11588900
2004-01-30,49.3000,51.3700,49.3000,50.4000,11404500
2004-01-29,52.0300,52.0600,48.6000,49.2200,22485100
2004-01-28,53.7400,54.4500,51.6200,51.9600,21581300
2004-01-27,56.7500,57.7400,55.6600,55.7400,12964100
2004-01-26,56.8100,57.2000,56.3000,57.0300,5566000
2004-01-23,57.1000,57.6100,56.6200,57.1100,6039000
2004-01-22,56.8100,57.8200,56.2400,57.1800,10672200
2004-01-21,56.1500,56.9400,55.6400,56.2000,6783600
2004-01-20,55.5700,56.8400,55.4100,56.6100,7748400
2004-01-16,56.2300,56.3700,55.2700,55.7200,9114200
2004-01-15,54.7300,56.7800,54.6200,56.1800,12217300
2004-01-14,54.6200,55.9900,54.1500,55.8000,11134100
2004-01-13,52.6700,54.9900,52.4100,54.9100,14522300
2004-01-12,51.6500,53.0300,50.8000,52.9500,9450900
2004-01-09,49.7700,52.1500,49.1000,51.5900,12779200
2004-01-08,52.0900,52.0950,50.0300,50.2400,10320300
2004-01-07,52.1800,52.6600,50.9400,51.9000,9242700
2004-01-06,53.1100,53.5000,52.7400,53.0300,5985500
2004-01-05,52.0000,53.6000,51.3700,53.2700,11284100
2004-01-02,52.7600,53.1300,51.4300,51.9000,6639900
2003-12-31,52.8200,53.4800,52.4000,52.6200,5307200
2003-12-30,53.1800,53.5000,52.6000,52.8300,5152400
2003-12-29,53.7900,53.8400,52.1300,53.4700,8056900
2003-12-26,54.1400,54.9400,53.1400,53.4700,7078400
2003-12-24,52.3000,53.8800,52.1500,53.3200,5659800
2003-12-23,50.0200,52.6200,49.7700,52.4800,11004000
2003-12-22,48.9800,50.1000,48.7000,49.8900,7799700
2003-12-19,48.8000,49.4100,48.2600,49.2400,8045900
2003-12-18,47.6100,48.8900,47.4500,48.7500,10750700
2003-12-17,49.4700,49.6100,47.0000,47.5800,13856800
2003-12-16,49.6000,49.8000,48.6300,49.5000,10549800
2003-12-15,52.0500,52.2500,50.0500,50.4100,9676800
2003-12-12,50.9900,51.3100,49.9200,50.9900,6190600
2003-12-11,49.2600,51.1500,49.1900,50.8000,9405500
2003-12-10,49.4500,50.1700,48.3100,49.2000,9254600
2003-12-09,51.1700,51.6500,49.3000,49.3400,10460500
2003-12-08,51.5500,52.2000,50.1200,51.0800,8376400
2003-12-05,51.2000,52.7000,51.2000,51.5600,7501500
2003-12-04,51.4500,52.4300,50.7500,51.8000,10216200
2003-12-03,54.1000,54.2500,51.3600,51.5100,11570800
2003-12-02,54.5000,54.7500,53.8500,53.9300,6237900
2003-12-01,54.4000,54.7500,53.0490,54.6500,11522800
2003-11-28,52.8400,54.0600,52.8300,53.9700,3983000
2003-11-26,52.8300,53.5400,51.8690,52.9600,8907700
2003-11-25,51.3500,53.3000,51.2500,52.4700,13771300
2003-11-24,49.2800,51.4500,48.6500,51.3300,10631500
2003-11-21,49.0020,49.2000,47.7600,48.5800,9193400
2003-11-20,49.1000,50.4600,48.3400,48.8500,12337600
2003-11-19,48.7100,49.8500,47.6700,49.5300,14079000
2003-11-18,50.7300,50.9780,48.4500,48.5000,12600200
2003-11-17,51.9300,52.1900,49.5800,50.3600,12996900
2003-11-14,54.4300,54.7800,52.2100,52.4500,8365300
2003-11-13,54.0400,55.1300,53.5700,54.8000,7073000
2003-11-12,52.5700,54.2900,52.1100,54.1300,9259300
2003-11-11,51.8400,52.7500,50.7600,52.2300,10920100
2003-11-10,53.9500,54.0000,51.7360,51.9800,9120500
2003-11-07,55.6100,55.7000,54.0000,54.3100,8500400
2003-11-06,56.8100,56.8700,54.7500,54.9900,8791800
2003-11-05,56.1300,56.9900,56.0800,56.7400,5307400
2003-11-04,56.7000,57.4900,56.0600,56.8600,7009500
2003-11-03,54.8000,56.8000,54.3100,56.7400,9131100
2003-10-31,55.9000,56.1300,54.3800,54.4300,7726700
2003-10-30,57.4000,57.5200,55.5700,55.8400,9825400
2003-10-29,56.6500,57.1500,56.0000,56.6900,8776500
2003-10-28,55.1900,56.9000,54.5490,56.7300,9230900
2003-10-27,54.9000,55.2500,54.5000,54.8200,6391900
2003-10-24,54.5500,54.9400,53.0000,54.5090,10438200
2003-10-23,52.9800,54.5200,52.9100,54.3200,14611700
2003-10-22,56.0500,56.1500,53.7300,54.0300,32701900
2003-10-21,59.7300,61.1500,59.0100,59.3500,17114900
2003-10-20,59.5600,60.2400,58.9200,59.5900,11086100
2003-10-17,59.3000,59.9000,58.6500,59.6900,11932900
2003-10-16,58.1600,59.9100,58.0900,59.9100,10211100
2003-10-15,60.3900,60.4100,58.4300,58.5400,10228900
2003-10-14,58.1000,59.9800,57.8000,59.9100,9986600
2003-10-13,57.9400,58.6900,57.4400,58.3000,8329000
2003-10-10,57.7000,58.3300,57.4390,58.0600,11435400
2003-10-09,57.4100,59.1000,57.4000,57.8600,21606900
2003-10-08,55.4400,56.2800,55.1200,55.7000,13558000
2003-10-07,54.0000,56.2500,53.9500,54.9100,20299900
2003-10-06,52.8900,54.2400,52.5900,54.1500,7773100
2003-10-03,51.1300,53.2200,51.0300,52.8900,14175600
2003-10-02,48.9400,50.2000,48.6800,50.0900,8219900
2003-10-01,48.3700,49.2800,47.5100,49.1200,12563800
2003-09-30,49.6500,49.7600,48.3500,48.4300,9264600
2003-09-29,48.8800,49.9700,48.4000,49.8600,9039300
2003-09-26,49.9000,50.4600,48.3000,48.5600,13438500
2003-09-25,49.6600,50.9500,49.2800,50.0500,11033300
2003-09-24,50.3500,51.3000,49.6000,49.6100,15330200
2003-09-23,47.4100,50.9200,47.3500,50.4400,20295900
2003-09-22,46.5600,47.5300,46.2000,47.4680,9240000
2003-09-19,47.8700,47.9700,47.3500,47.5800,6249500
2003-09-18,46.1600,48.2400,45.9400,47.8900,9038500
2003-09-17,46.2100,46.8600,45.5450,46.1600,7334100
2003-09-16,45.4000,46.2500,45.0500,46.2400,7755200
2003-09-15,45.3600,45.7700,45.2300,45.5100,4427000
2003-09-12,44.8500,45.7810,44.7300,45.6800,6750100
2003-09-11,46.2000,46.3500,44.7700,45.1900,11613100
2003-09-10,46.2600,47.2300,46.0600,46.2200,8002900
2003-09-09,47.1000,47.3800,46.3000,46.6800,8100800
2003-09-08,46.5000,47.3500,46.0600,47.2800,7408200
2003-09-05,46.9500,47.4800,46.1000,46.5200,8102900
2003-09-04,46.1200,47.3900,46.0400,47.2900,10255000
2003-09-03,47.5800,47.7500,45.8600,46.1900,10697900
2003-09-02,46.5200,47.4500,46.0100,47.3300,9459400
2003-08-29,45.8200,46.4400,45.7200,46.3200,6158400
2003-08-28,45.9400,46.0000,44.8100,45.9400,6987500
2003-08-27,45.7700,46.0700,45.2600,45.8800,4539400
2003-08-26,45.6500,46.1400,45.1100,45.9300,6542400
2003-08-25,44.8500,46.1600,44.5300,45.8500,7103500
2003-08-22,46.4000,46.9500,44.8100,45.2200,10473300
2003-08-21,44.2200,45.9100,43.8700,45.7000,11592500
2003-08-20,43.0600,43.9390,43.0100,43.7600,6724700
2003-08-19,43.4300,44.1900,42.9200,43.5700,10489300
2003-08-18,40.5000,43.2400,40.3800,43.0200,11174200
2003-08-15,40.2300,40.3800,39.9700,40.1000,2486500
2003-08-14,39.9200,40.3700,39.6500,40.3000,4850300
2003-08-13,40.2500,40.4700,39.7100,40.2100,7154500
2003-08-12,38.9500,39.9600,38.3100,39.8500,6128500
2003-08-11,38.9900,39.0400,38.3500,38.9300,5239100
2003-08-08,39.1300,39.4000,38.6300,39.1500,4810900
2003-08-07,39.0000,39.3400,38.5900,39.0100,6395500
2003-08-06,38.6300,39.9500,38.2800,38.9400,9192600
2003-08-05,39.2400,39.8500,38.6300,38.6700,6816200
2003-08-04,39.7000,40.2900,38.9500,39.6500,7054400
2003-08-01,41.4100,41.6300,39.7800,40.0300,8805200
2003-07-31,41.3500,41.9700,40.6700,41.6400,8970700
2003-07-30,41.1500,41.2700,40.4500,40.6600,7166300
2003-07-29,41.9900,42.5000,41.0600,41.3900,7825500
2003-07-28,41.4900,42.1800,40.8700,42.0800,7453200
2003-07-25,40.7400,41.6500,39.7500,41.6000,10647600
2003-07-24,41.0000,43.1000,40.5800,41.3100,23828000
2003-07-23,37.7500,40.2500,37.3500,40.1100,32178100
2003-07-22,35.7000,36.0000,34.0000,34.8700,15896800
2003-07-21,34.7100,36.0000,34.6000,35.3300,9825700
2003-07-18,36.3200,36.8500,34.7900,34.9798,13402900
2003-07-17,37.1500,37.3000,36.0400,36.3200,7642000
2003-07-16,38.5200,38.5200,37.3200,37.6800,5625600
2003-07-15,39.6100,39.6100,37.6200,38.4300,5851500
2003-07-14,38.5000,39.6100,38.2400,39.2700,8690300
2003-07-11,38.3000,38.3000,37.1000,37.6500,11559900
2003-07-10,39.1200,39.5000,38.2000,38.2500,8825600
2003-07-09,40.5400,40.7300,39.8700,40.5000,7832200
2003-07-08,38.7600,40.8300,38.7500,40.5100,12145400
2003-07-07,38.3000,39.1000,37.9500,39.0500,6697300
2003-07-03,37.0200,38.1600,37.0200,37.6800,3846000
2003-07-02,37.6600,37.8900,37.1400,37.8500,6086100
2003-07-01,36.3300,37.2900,35.7000,37.2500,7242800
2003-06-30,36.6300,36.8210,36.0200,36.3200,5143900
2003-06-27,36.6900,37.0900,36.1800,36.3000,6756500
2003-06-26,35.2100,36.8400,35.0600,36.7200,10292400
2003-06-25,35.3000,36.1300,35.1500,35.3900,6659000
2003-06-24,35.3700,35.8200,34.5400,35.4000,8177200
2003-06-23,35.4800,35.8600,35.0300,35.5800,8407300
2003-06-20,35.8000,35.8750,34.8400,35.0400,7012500
2003-06-19,35.8000,36.7500,35.3800,35.5000,5988100
2003-06-18,35.5000,37.2400,35.3500,35.8500,11206800
2003-06-17,35.9300,36.3700,35.2500,35.8400,8249900
2003-06-16,34.5700,35.8500,34.0800,35.8400,7127900
2003-06-13,35.4000,35.4500,34.0500,34.1300,6011800
2003-06-12,35.4000,35.4000,34.7100,35.2010,7032500
2003-06-11,33.9700,34.8100,33.6000,34.6500,7746400
2003-06-10,34.0200,34.3800,32.8300,34.0700,9663600
2003-06-09,34.4700,34.4700,33.0800,33.6800,8438400
2003-06-06,36.0400,36.2600,33.2500,33.3500,11380900
2003-06-05,35.1600,35.8400,34.6100,35.5200,7193700
2003-06-04,35.0000,35.6000,34.7000,35.3900,9333400
2003-06-03,34.9400,35.3090,34.6800,35.2300,10095900
2003-06-02,36.5000,36.6780,35.3500,35.4000,9552700
2003-05-30,35.6100,36.0900,34.9990,35.8900,10190300
2003-05-29,34.8900,35.9700,34.7000,35.5500,9341600
2003-05-28,34.8800,35.7300,34.6500,34.8600,9053100
2003-05-27,32.5500,35.0300,32.4500,34.8500,12225400
2003-05-23,33.0300,33.0500,32.4700,32.7200,7063200
2003-05-22,31.7500,33.2990,31.2900,33.0000,8489900
2003-05-21,31.3400,31.8400,31.1600,31.7500,5200300
2003-05-20,31.5600,32.1300,31.1700,31.4800,8066200
2003-05-19,32.7000,32.9700,31.4000,31.5600,9763500
2003-05-16,32.5100,33.1610,32.3800,33.0500,7644100
2003-05-15,32.6400,32.7500,32.2000,32.6300,5192300
2003-05-14,33.1400,33.1900,32.4400,32.6000,7993200
2003-05-13,31.5500,33.4900,31.4400,32.9500,15844500
2003-05-12,30.8300,31.8000,30.6700,31.7000,7246900
2003-05-09,30.4600,30.9900,30.2000,30.9650,5981700
2003-05-08,30.3600,30.7640,30.2200,30.4500,8513500
2003-05-07,30.6600,30.8600,30.0300,30.7000,10351800
2003-05-06,29.8300,31.1800,29.8000,30.8800,13962400
2003-05-05,29.4700,30.0500,29.0100,29.9600,11136300
2003-05-02,28.6300,29.4599,28.5500,29.4300,9884400
2003-05-01,28.6800,28.7000,28.1500,28.6600,7689200
2003-04-30,28.6000,29.0000,28.3800,28.6900,9450000
2003-04-29,28.9100,29.0400,28.6100,28.8900,10526400
2003-04-28,28.6400,29.1900,28.6000,29.1100,15801000
2003-04-25,28.0000,29.0000,27.8200,28.9700,39972400
2003-04-24,25.4000,25.6290,24.7700,25.1200,17603300
2003-04-23,26.4000,26.5500,25.3600,25.4300,8850100
2003-04-22,25.0900,25.6900,24.8200,25.5800,6868600
2003-04-21,25.0300,26.1700,24.9000,25.2500,7132300
2003-04-17,24.4700,25.0100,24.3500,24.9900,6789900
2003-04-16,25.3000,25.5000,24.1300,24.3800,9294500
2003-04-15,24.8900,25.4300,24.8200,25.1300,6341400
2003-04-14,24.8000,25.1500,24.5000,25.0500,10417100
2003-04-11,25.8500,26.2400,25.4200,25.7500,6899000
2003-04-10,25.4300,25.9400,24.7800,25.6700,9311200
2003-04-09,26.3510,26.3700,24.8400,25.0600,11958900
2003-04-08,26.7900,26.8000,26.4500,26.5200,5403600
2003-04-07,27.2100,27.5600,26.7500,26.8200,7230400
2003-04-04,26.7100,26.8300,25.9500,26.2200,6072800
2003-04-03,26.5100,27.0900,26.0200,26.6500,7324400
2003-04-02,25.9800,26.4800,25.8460,26.3800,6623000
2003-04-01,25.5500,25.5900,25.0600,25.5400,9774000
2003-03-31,26.5700,26.7400,25.9600,26.0300,9214800
2003-03-28,27.5900,27.9500,27.1000,27.1800,6437000
2003-03-27,27.5900,28.0400,27.4500,27.7700,10642100
2003-03-26,26.8800,27.8700,26.7100,27.7600,7375700
2003-03-25,26.2500,27.0900,26.2100,26.9000,7213200
2003-03-24,27.0800,27.2700,26.2000,26.2300,10340500
2003-03-21,27.7100,27.9500,27.0400,27.9300,10657700
2003-03-20,26.3100,27.6300,26.1300,27.4500,9376200
2003-03-19,26.3300,26.6900,26.1700,26.5400,8481000
2003-03-18,26.4600,26.8400,26.1000,26.7800,8749800
2003-03-17,24.4700,26.8400,24.4000,26.5500,15124900
2003-03-14,24.5400,24.9000,24.2000,24.7100,8907800
2003-03-13,23.6800,24.5900,23.1300,24.4200,11208900
2003-03-12,22.5100,23.3800,22.4900,23.3600,5573100
2003-03-11,22.7500,22.9200,22.5200,22.7800,4034100
2003-03-10,22.6000,22.9600,22.5500,22.8800,4406000
2003-03-07,22.3200,23.0400,22.2600,22.9700,5848400
2003-03-06,22.3200,22.8500,22.1200,22.6900,5427400
2003-03-05,22.0800,22.6200,22.0200,22.4200,5160400
2003-03-04,21.7000,22.3500,21.3600,22.2700,5434300
2003-03-03,22.1500,22.6100,21.7400,21.8100,4480300
2003-02-28,21.5700,22.0200,21.4300,22.0100,4687100
2003-02-27,21.6600,21.7700,20.2500,21.6200,5076300
2003-02-26,21.6300,21.9800,21.6200,21.6400,4121300
2003-02-25,21.5000,22.0000,21.4000,21.8800,5624000
2003-02-24,21.6400,22.1800,21.6400,21.7800,6936600
2003-02-21,21.3500,21.8300,21.0400,21.7800,7207800
2003-02-20,21.1900,21.5000,21.0900,21.3600,4169800
2003-02-19,21.1500,21.2500,21.0200,21.1900,5470800
2003-02-18,20.1500,21.4100,20.1500,21.3900,7899900
2003-02-14,19.9900,20.2300,19.7100,20.0600,6625300
2003-02-13,20.9500,21.0000,19.6100,20.0600,11576800
2003-02-12,20.7900,21.2000,20.6600,21.0300,5433900
2003-02-11,21.5600,21.6000,20.6900,20.7800,6679000
2003-02-10,21.4000,21.4100,20.5700,21.4000,8096500
2003-02-07,22.1000,22.1100,21.2000,21.4400,6942900
2003-02-06,22.1600,22.4800,21.9300,22.0900,4037700
2003-02-05,22.1800,22.5000,22.0300,22.1700,5343100
2003-02-04,21.9400,22.1400,21.5700,22.0500,4817600
2003-02-03,21.9400,22.4400,21.8200,22.1600,5195500
2003-01-31,21.6400,22.2700,21.5600,21.8500,6262500
2003-01-30,22.2000,22.4000,21.7400,21.8200,5965700
2003-01-29,21.9100,21.9700,21.2300,21.6200,7056900
2003-01-28,21.9100,21.9700,21.2300,21.6200,7968400
2003-01-27,21.6800,22.3700,21.6400,21.7800,8207000
2003-01-24,22.5900,23.2900,21.9000,22.1100,21681800
2003-01-23,21.5400,22.0400,21.1500,21.7900,10998000
2003-01-22,20.7700,21.7000,20.7500,21.1700,6683600
2003-01-21,21.2500,21.6100,20.3600,21.0800,6293100
2003-01-17,21.4600,21.7100,21.2300,21.4000,5786200
2003-01-16,21.6900,22.1000,21.4500,21.8000,7911600
2003-01-15,22.5900,22.6100,21.9400,22.2700,6989400
2003-01-14,21.8500,22.7600,21.6600,22.7400,7048800
2003-01-13,21.3300,22.1000,21.2500,22.0400,7121300
2003-01-10,20.9600,21.6700,20.8100,21.3200,7579300
2003-01-09,21.0800,21.7000,20.9000,21.4500,6154800
2003-01-08,21.4400,21.6000,20.8200,21.0200,6981500
2003-01-07,20.8300,21.7500,20.6000,21.5500,9568200
2003-01-06,20.4000,21.1700,20.3000,20.7000,7698100
2003-01-03,19.5900,20.5300,19.4100,20.5200,8757000
2003-01-02,19.1900,19.6800,18.5500,19.5700,6484000
2002-12-31,19.2500,19.5600,18.8300,18.8900,5537000
2002-12-30,18.8500,19.4000,18.7400,19.2500,8284700
2002-12-27,19.9700,20.1000,18.4300,18.8600,21972800
2002-12-26,21.5900,21.6000,20.0000,20.3000,14199300
2002-12-24,22.1800,22.2800,21.8800,21.8800,2348600
2002-12-23,21.7800,22.4700,21.7800,22.2400,4424500
2002-12-20,21.7900,22.0100,21.6100,21.8000,4935300
2002-12-19,21.6300,22.2000,21.5300,21.6900,5814400
2002-12-18,22.2500,22.2600,21.9800,22.1000,3992800
2002-12-17,22.3300,22.5600,22.3200,22.4600,3419500
2002-12-16,22.2300,22.5300,22.0400,22.5100,4940700
2002-12-13,21.9500,22.3500,21.8700,22.1800,3859200
2002-12-12,22.4700,22.6200,21.8100,22.2400,5977500
2002-12-11,21.6700,22.3800,21.6200,22.1200,6387300
2002-12-10,21.9600,21.9900,21.2400,21.8600,7093700
2002-12-09,22.2300,22.3500,21.6000,21.6800,7454700
2002-12-06,21.7000,22.6900,21.5100,22.6100,9393500
2002-12-05,23.6600,23.6800,22.2000,22.5800,10642600
2002-12-04,23.4800,23.8000,22.9600,23.3900,7878900
2002-12-03,23.8300,23.9800,23.3800,23.7400,5901100
2002-12-02,24.1500,25.0000,24.0000,24.1100,11152500
2002-11-29,24.1500,24.3800,23.3300,23.3500,2577300
2002-11-27,23.7200,24.2400,23.7100,24.0800,5666000
2002-11-26,24.0200,24.2100,23.3800,23.4000,6405800
2002-11-25,24.0300,24.5000,23.8200,24.2500,10091100
2002-11-22,23.2000,24.2800,23.1000,23.9900,11686600
2002-11-21,23.3300,23.8500,23.2100,23.4000,11288500
2002-11-20,21.3500,23.0000,21.2200,22.9000,13294400
2002-11-19,21.8800,21.8900,21.2300,21.2900,12258900
2002-11-18,22.6500,23.7400,22.1500,22.4200,25333500
2002-11-15,21.1500,22.3500,21.0900,22.2100,12258400
2002-11-14,20.9900,21.4900,20.9500,21.2100,13177300
2002-11-13,19.6100,21.0000,19.6100,20.4100,18206200
2002-11-12,19.0100,19.9900,19.0100,19.8200,10462200
2002-11-11,19.4000,19.5500,18.8000,19.0000,5749600
2002-11-08,19.0400,19.6700,18.8100,19.5100,7032100
2002-11-07,18.8500,19.3000,18.7700,19.1200,6419700
2002-11-06,18.7700,19.3900,18.2600,19.3400,7973400
2002-11-05,18.6300,18.8700,18.2000,18.7200,7942400
2002-11-04,19.4000,19.8100,18.5900,18.7800,12963500
2002-11-01,19.2900,19.9000,19.0900,19.8000,5549400
2002-10-31,19.0300,19.4800,18.8500,19.3500,6822600
2002-10-30,19.2700,19.7300,18.4000,18.5900,6888800
2002-10-29,18.5100,18.9200,18.0700,18.5700,7242000
2002-10-28,19.2700,19.7300,18.4000,18.5900,8799800
2002-10-25,18.8400,19.3600,18.4900,19.3000,15900000
2002-10-24,19.9500,20.2600,19.8000,19.8600,12929900
2002-10-23,19.5200,19.8200,19.3700,19.7500,6648100
2002-10-22,19.0100,19.9100,18.9000,19.3800,8645700
2002-10-21,18.8900,19.5300,18.7300,19.2600,6757700
2002-10-18,18.4800,19.2900,18.3600,19.0400,6568300
2002-10-17,20.1000,20.2200,18.4300,18.7400,14180900
2002-10-16,18.2700,19.6600,18.2500,19.4900,8742100
2002-10-15,19.8400,20.1400,18.6500,18.9400,14009200
2002-10-14,18.1800,19.2300,18.1700,19.2000,9872400
2002-10-11,18.1800,18.7400,18.1000,18.4600,9628500
2002-10-10,17.1600,17.9700,17.1500,17.9600,10528600
2002-10-09,16.7000,17.1300,16.6000,16.8600,6083500
2002-10-08,16.8800,17.0600,16.4600,16.9400,6098000
2002-10-07,16.5500,16.9600,16.3700,16.6400,5748100
2002-10-04,16.9500,17.1500,16.3800,16.5500,7649400
2002-10-03,16.7900,17.2500,16.6600,16.7500,6354100
2002-10-02,16.8100,17.6400,16.7000,17.0100,8223600
2002-10-01,16.2300,17.0600,16.0100,16.9500,9217300
2002-09-30,16.6400,16.8500,15.8500,15.9300,9239900
2002-09-27,16.8500,17.4000,16.8200,17.0100,7033700
2002-09-26,15.9300,17.3500,15.7100,17.1500,11635000
2002-09-25,16.1700,16.3900,15.2900,15.7300,9339000
2002-09-24,15.8700,16.3700,15.6000,15.9300,7072900
2002-09-23,15.6000,16.4400,15.5900,16.0500,7404500
2002-09-20,17.4500,17.6400,15.4500,15.8600,12605600
2002-09-19,17.4000,17.6400,17.1700,17.2100,4841100
2002-09-18,17.2200,17.9300,16.9500,17.7300,8391000
2002-09-17,17.0000,17.7500,16.7700,17.3500,8621200
2002-09-16,16.5100,16.9300,16.4500,16.7100,2962500
2002-09-13,16.6900,16.9900,16.5000,16.6100,3654900
2002-09-12,16.8300,17.1300,16.6100,16.7500,7065100
2002-09-11,17.1500,17.8500,17.0400,17.1100,6663200
2002-09-10,16.5300,17.3500,16.4200,17.1300,11248800
2002-09-09,15.1200,16.6500,15.0600,16.5100,8822500
2002-09-06,14.5600,15.4800,14.5600,15.3100,4995300
2002-09-05,14.5800,14.7200,14.2400,14.2500,5320200
2002-09-04,14.6600,14.9600,14.2600,14.8300,4430400
2002-09-03,14.7100,15.0300,14.4900,14.6000,4680200
2002-08-30,14.9100,15.3800,14.7500,14.9400,3439700
2002-08-29,14.4300,15.1900,14.2100,15.1400,6791800
2002-08-28,14.4800,14.9700,14.3500,14.5700,4985500
2002-08-27,15.0400,15.2700,14.5000,14.5200,3578900
2002-08-26,15.2900,15.4400,14.6800,14.9300,6409600
2002-08-23,15.6000,15.7200,14.9500,15.1700,5038800
2002-08-22,15.3300,15.9500,14.9200,15.7300,6854100
2002-08-21,15.9500,15.9700,15.2000,15.3800,7284200
2002-08-20,15.3800,15.9900,15.3100,15.9800,7701300
2002-08-19,14.8400,15.5200,14.6700,15.5000,4277100
2002-08-16,14.3900,15.0100,14.3100,14.9000,3652100
2002-08-15,14.0500,14.7500,13.9200,14.6200,5046600
2002-08-14,13.9300,14.0600,13.3200,13.9100,6935200
2002-08-13,14.3000,14.6700,13.9100,13.9300,5234400
2002-08-12,14.1400,14.4900,13.9500,14.4600,3503300
2002-08-09,13.6100,14.7500,13.6000,14.2600,4777900
2002-08-08,13.2400,14.1000,13.0600,13.9000,5470800
2002-08-07,13.9300,13.9400,12.8500,13.6000,5555700
2002-08-06,13.2700,13.9000,13.1400,13.7400,4701900
2002-08-05,13.6500,13.7900,12.7800,12.8700,3857300
2002-08-02,14.1300,14.1400,13.4500,13.8400,4178600
2002-08-01,14.3100,14.5000,13.9900,14.1600,6066800
2002-07-31,14.4500,14.6600,14.1400,14.4600,3801000
2002-07-30,14.1900,14.9000,14.0800,14.7700,5558900
2002-07-29,13.2500,14.4600,13.2300,14.3300,7049500
2002-07-26,12.7200,13.1100,12.5000,12.9300,5556700
2002-07-25,13.7100,14.0100,12.4000,12.4900,9360200
2002-07-24,12.3700,14.1600,12.2600,14.1000,19766300
2002-07-23,15.5400,15.8800,14.4000,14.5500,11291400
2002-07-22,15.1500,15.6500,15.0000,15.5000,9332900
2002-07-19,15.3600,15.7200,15.0700,15.2900,6105800
2002-07-18,15.9200,16.5900,15.5300,15.5500,6856700
2002-07-17,16.8400,17.1600,15.3200,16.1600,7322100
2002-07-16,15.6900,17.0800,15.6600,16.2900,10790700
2002-07-15,15.4700,15.9800,15.0000,15.9400,6026100
2002-07-12,15.7500,16.1900,15.2500,15.4300,7000000
2002-07-11,14.6600,15.8400,14.0000,15.5500,7317100
2002-07-10,15.6500,15.9400,14.6500,14.9600,6761200
2002-07-09,15.0500,16.0300,14.9900,15.6000,7528600
2002-07-08,14.9500,15.8500,14.6800,14.9400,5890000
2002-07-05,14.3900,15.2300,14.3700,15.2100,3366900
2002-07-03,13.3800,14.4600,12.8900,14.2500,7703700
2002-07-02,13.6000,14.1600,13.0000,13.3200,8669900
2002-07-01,16.1700,16.1700,13.5200,13.5500,13536500
2002-06-28,15.6900,16.3600,15.4000,16.2500,6237900
2002-06-27,16.1100,16.4700,15.3000,15.8600,6192000
2002-06-26,14.6900,15.9300,14.6800,15.8500,8272200
2002-06-25,16.8900,16.9500,15.0400,15.3400,15304000
2002-06-24,17.4300,17.7800,16.9400,17.5100,5956800
2002-06-21,17.6000,17.7900,17.3400,17.5300,5176800
2002-06-20,18.3200,18.3800,17.3400,17.5500,8697000
2002-06-19,18.4900,19.1000,18.2700,18.3000,7420300
2002-06-18,18.1300,19.1600,18.0900,18.7800,7962100
2002-06-17,16.9500,18.4800,16.8600,18.4100,9051600
2002-06-14,17.1400,17.4000,16.2600,16.8200,7973200
2002-06-13,17.0000,17.5000,16.7400,17.4300,4892900
2002-06-12,17.0500,17.1500,16.2600,17.0800,7331200
2002-06-11,17.3100,17.7900,17.1300,17.1400,5520800
2002-06-10,17.9000,18.1200,17.0200,17.3000,11082400
2002-06-07,17.8900,18.6500,17.8500,18.5800,5358000
2002-06-06,17.8900,18.4100,17.7600,18.1700,5250000
2002-06-05,17.9800,18.1800,17.4500,17.9900,4372500
2002-06-04,17.8000,18.1400,17.4700,17.9700,6849700
2002-06-03,18.3100,18.5000,17.9300,17.9600,3716400
2002-05-31,18.5000,18.8900,18.2000,18.2300,5081400
2002-05-30,18.7000,18.9400,18.0800,18.3700,7432100
2002-05-29,18.8200,19.1000,18.8000,18.9100,3614100
2002-05-28,19.5700,19.6100,18.7700,19.0600,3953300
2002-05-24,19.4000,19.6900,19.0600,19.4700,4250300
2002-05-23,18.8400,19.5500,18.6100,19.4500,5648200
2002-05-22,18.6700,19.1300,18.2200,18.7500,5075200
2002-05-21,19.5400,19.8000,18.5500,18.7600,7763500
2002-05-20,18.8000,19.4800,18.7700,19.3900,8460800
2002-05-17,19.9700,20.0000,18.8100,19.1600,6446900
2002-05-16,19.5100,19.9500,19.2900,19.6100,7815700
2002-05-15,19.3900,20.4000,18.3500,19.9400,12898100
2002-05-14,18.0400,19.4500,18.0200,18.8100,14659700
2002-05-13,17.1700,17.6300,16.8500,17.3200,6700100
2002-05-10,17.8900,17.9600,16.8000,16.9400,7572800
2002-05-09,17.1200,18.2300,17.1000,17.7300,11002300
2002-05-08,16.5500,17.4600,16.5000,17.3200,7888400
2002-05-07,16.1100,16.3500,16.0300,16.1100,5543700
2002-05-06,15.9400,16.4900,15.7500,16.1200,5352600
2002-05-03,16.2300,16.4000,15.7500,16.0500,5161000
2002-05-02,16.4300,16.6500,16.2500,16.3200,4819000
2002-05-01,16.5500,17.0500,16.4200,16.4900,7701300
2002-04-30,16.1300,16.7600,15.9300,16.6900,6420800
2002-04-29,16.7500,17.0000,15.9000,16.1800,8415200
2002-04-26,16.8600,16.9500,16.3200,16.9100,8135700
2002-04-25,16.5100,17.0500,16.4100,16.8200,11730200
2002-04-24,15.2300,16.8500,15.0500,16.7900,34459400
2002-04-23,14.3500,14.7500,13.8800,14.0600,8076900
2002-04-22,14.5800,14.8500,14.1500,14.3100,5290300
2002-04-19,14.3800,14.7400,14.1500,14.5300,3727600
2002-04-18,14.7000,14.8600,13.9500,14.2600,3876400
2002-04-17,14.2400,15.0000,14.2400,14.8200,7756100
2002-04-16,14.1800,14.2900,13.7200,14.0100,3681000
2002-04-15,13.4200,14.1000,13.3500,13.8900,4753700
2002-04-12,12.9000,13.6100,12.8500,13.3100,5379100
2002-04-11,13.2800,13.2800,12.5200,12.7400,5957600
2002-04-10,13.7600,14.0000,13.0500,13.5500,5256700
2002-04-09,14.0700,14.5900,13.5600,13.6000,6459000
2002-04-08,12.9700,13.9600,12.9600,13.9500,5277800
2002-04-05,13.6700,14.0400,13.3100,13.5000,4500000
2002-04-04,13.7300,13.8000,13.2300,13.5400,5731700
2002-04-03,14.3700,14.4500,13.6000,13.6700,4534100
2002-04-02,14.6400,15.0900,14.1900,14.2500,4771400
2002-04-01,14.8000,14.8000,14.1400,14.8000,4767900
2002-03-28,14.4000,14.6500,14.2500,14.3000,3122500
2002-03-27,13.9000,14.3500,13.7000,14.2500,8146300
2002-03-26,14.6400,15.4500,14.5500,14.8300,4925100
2002-03-25,15.4700,15.7300,14.7200,14.7400,5116100
2002-03-22,15.1200,15.6000,15.1000,15.5300,5185000
2002-03-21,15.2400,15.2400,14.5600,15.1700,5577900
2002-03-20,14.4800,15.1300,14.3000,14.5000,7179300
2002-03-19,15.1500,15.4000,14.5600,14.6600,4893700
2002-03-18,14.1500,15.2800,14.1400,15.0100,9831800
2002-03-15,14.2700,14.2900,13.5500,14.0300,12320700
2002-03-14,15.5000,15.5000,14.2800,14.4800,15169300
2002-03-13,16.0500,16.3400,15.6400,15.7400,5559400
2002-03-12,16.5900,16.5900,16.0400,16.3100,5619100
2002-03-11,16.0400,16.8800,15.8600,16.7100,6624700
2002-03-08,16.2500,16.9600,15.9300,16.3500,9434800
2002-03-07,16.4100,16.9500,15.4000,15.6200,9272300
2002-03-06,14.8200,16.5900,14.8200,16.3300,14262700
2002-03-05,16.0000,16.6800,15.5300,15.9700,8809700
2002-03-04,15.4200,16.4900,15.4000,16.4800,13928200
2002-03-01,14.1300,15.4000,14.1200,15.3900,9839200
2002-02-28,14.2900,14.7500,13.9300,14.1000,6052400
2002-02-27,14.5500,14.7300,14.1200,14.2700,8550600
2002-02-26,13.5100,14.4900,13.4500,14.4000,8310500
2002-02-25,13.0900,13.7400,13.0000,13.7300,5734700
2002-02-22,13.0500,13.2300,12.7000,13.0700,7865400
2002-02-21,12.9100,13.6500,12.9000,13.2600,8276200
2002-02-20,13.4000,13.4000,12.1500,12.9600,8016100
2002-02-19,12.9500,13.8400,12.8000,13.0100,8291900
2002-02-15,14.0400,14.0400,13.2700,13.4100,7265400
2002-02-14,13.3400,14.2600,13.3000,13.8800,9281500
2002-02-13,13.1000,13.3300,13.0600,13.2900,6040800
2002-02-12,13.0300,13.2400,12.5000,12.9000,7463400
2002-02-11,12.6400,13.5000,12.5400,13.3000,9469700
2002-02-08,11.5100,12.6700,11.5000,12.5200,6085600
2002-02-07,11.2500,11.8500,11.0600,11.2400,7172400
2002-02-06,11.9000,12.0000,11.2000,11.2600,8859400
2002-02-05,11.9800,12.2900,11.1600,11.5000,14315700
2002-02-04,12.9100,13.0900,12.4300,12.5300,19135800
2002-02-01,14.0900,14.0900,13.3500,13.7300,7801400
2002-01-31,14.1200,14.4900,13.4100,14.1900,10485300
2002-01-30,13.9800,14.2500,13.2000,13.9000,14751800
2002-01-29,15.5400,15.5500,13.9700,14.2200,20244900
2002-01-28,14.8600,15.7700,14.7600,15.5000,23016000
2002-01-25,13.5600,15.3900,13.3900,14.4400,30276500
2002-01-24,12.7500,14.0600,12.7100,14.0100,23468600
2002-01-23,12.6000,12.6000,11.9000,12.4700,18031600
2002-01-22,12.7400,12.8000,12.1500,12.6000,56645900
2002-01-18,9.6000,10.5500,9.3900,10.1600,11493500
2002-01-17,9.8200,9.8500,9.4000,9.7400,16630700
2002-01-16,10.0100,10.0100,9.0300,9.1300,15039900
2002-01-15,10.3400,10.4200,10.1600,10.2900,5092300
2002-01-14,10.8000,10.8300,10.0900,10.1100,5973300
2002-01-11,11.0300,11.3400,10.9300,11.0300,4276800
2002-01-10,11.6600,11.6700,10.8700,11.0400,8125900
2002-01-09,11.9600,12.1700,11.3000,11.5300,10879600
2002-01-08,12.2700,12.3200,11.7500,11.8500,6041100
2002-01-07,12.0800,12.5200,12.0800,12.3400,12182900
2002-01-04,12.0200,12.4000,11.9500,12.2500,12687300
2002-01-03,11.9400,11.9400,11.0500,11.9000,10875700
2002-01-02,10.9400,11.0000,10.4900,10.9600,6519600
2001-12-31,11.0700,11.1900,10.7400,10.8200,6034700
2001-12-28,10.9100,11.0800,10.6900,10.9000,10257900
2001-12-27,11.3300,11.4900,10.5700,10.6000,10840100
2001-12-26,10.9700,11.2900,10.8700,11.1000,18198500
2001-12-24,10.1500,10.2200,9.5100,9.8300,6236900
2001-12-21,10.3100,11.0600,10.0000,10.0000,13944900
2001-12-20,10.5700,10.8300,10.1400,10.1500,7851200
2001-12-19,10.7300,11.1500,10.5100,10.7100,7003700
2001-12-18,11.0500,11.3600,10.6200,10.8600,7354200
2001-12-17,11.1000,11.1400,10.1800,10.8100,8599300
2001-12-14,11.1000,11.2000,10.0700,11.0000,10024600
2001-12-13,11.5400,11.8000,10.8500,10.8900,7874100
2001-12-12,12.4300,12.5000,11.6300,11.9100,8075100
2001-12-11,12.0000,12.4300,11.7800,12.2400,14134000
2001-12-10,11.5500,12.1500,11.4400,11.6500,8515900
2001-12-07,12.3000,12.3000,11.5000,11.7100,7088000
2001-12-06,12.4000,12.4000,11.8500,12.1000,12484600
2001-12-05,12.4000,12.8000,11.7500,11.7600,23912200
2001-12-04,10.9300,12.0500,10.7100,11.9300,14499700
2001-12-03,11.0800,11.0800,10.4800,10.4900,9525900
2001-11-30,11.3000,11.5500,10.8000,11.3200,8888800
2001-11-29,11.8900,11.9000,10.7900,11.1500,20274000
2001-11-28,12.4000,12.4000,11.1800,11.5900,48516200
2001-11-27,12.0500,12.2500,11.2200,11.4800,34308800
2001-11-26,9.8300,12.2200,9.8000,12.2100,50689200
2001-11-23,9.1400,9.1400,8.5600,9.0800,4072800
2001-11-21,8.9700,8.9700,8.0400,8.8000,8996600
2001-11-20,9.0700,9.3000,8.6000,8.6000,7452000
2001-11-19,9.3500,9.5000,9.0000,9.1900,10011400
2001-11-16,9.2100,9.3500,8.7500,8.9500,13062000
2001-11-15,9.2200,9.9000,8.7500,9.0500,20948200
2001-11-14,7.6300,9.4900,7.6000,9.4900,29529800
2001-11-13,7.4400,7.5300,7.2000,7.2900,6136300
2001-11-12,7.1600,7.2400,6.8000,7.0500,3827300
2001-11-09,7.0500,7.2200,6.9700,7.1200,4400400
2001-11-08,7.6600,7.6700,6.7400,6.9700,9489700
2001-11-07,7.6800,7.6800,7.0000,7.4300,9715600
2001-11-06,7.0800,7.1300,6.9100,7.0500,5607800
2001-11-05,7.1000,7.2000,6.9600,6.9900,6287800
2001-11-02,6.9500,6.9500,6.6700,6.7100,3697100
2001-11-01,7.0800,7.1000,6.6000,6.9500,5053500
2001-10-31,6.7900,7.0200,6.5500,6.9800,7741500
2001-10-30,7.0300,7.0300,6.3200,6.4200,10055500
2001-10-29,7.6100,7.6600,7.0400,7.0500,5161800
2001-10-26,7.6300,8.0110,7.5100,7.5600,6107100
2001-10-25,7.3900,7.7800,7.1500,7.7700,9267800
2001-10-24,8.0500,8.1500,7.4000,7.6400,26692400
2001-10-23,9.2500,9.6000,8.8500,9.5500,12226400
2001-10-22,8.0700,8.8300,8.0400,8.7700,4231000
2001-10-19,8.4900,8.5200,7.5000,8.0100,7007300
2001-10-18,8.9100,9.2300,8.3800,8.4700,4353300
2001-10-17,9.9800,9.9900,8.8500,8.9200,8944500
2001-10-16,9.2300,9.7500,9.1100,9.5600,8299600
2001-10-15,8.2400,9.2000,8.2300,8.8800,8601800
2001-10-12,7.7600,8.1500,7.4700,8.0700,3629600
2001-10-11,7.5400,8.1600,7.5000,7.8500,6665300
2001-10-10,6.9000,7.3100,6.8000,7.2600,3083000
2001-10-09,7.1100,7.1200,6.6700,6.9100,2766800
2001-10-08,7.3000,7.3000,6.9100,7.1200,3934400
2001-10-05,7.9000,7.9000,6.7400,7.2000,5900900
2001-10-04,7.8700,7.8700,6.6800,7.0400,6217200
2001-10-03,7.2100,7.2100,6.0200,6.7600,5323500
2001-10-02,6.1700,6.1700,5.9500,6.0800,5677700
2001-10-01,5.9100,6.1000,5.5100,6.0100,7994400
2001-09-28,6.2500,6.4700,5.8300,5.9700,6967200
2001-09-27,6.4700,6.6400,5.6700,6.2000,8275000
2001-09-26,7.2000,7.2300,6.0000,6.3500,7839100
2001-09-25,7.4900,7.5690,7.0200,7.0900,4863100
2001-09-24,7.7000,7.8300,7.3400,7.4600,5102700
2001-09-21,7.7200,7.7200,6.6900,7.4800,12866100
2001-09-20,7.6400,7.6400,7.0500,7.4800,8630900
2001-09-19,7.4500,7.4500,6.6400,7.3100,9436500
2001-09-18,7.5900,7.7500,7.2500,7.2900,6270900
2001-09-17,7.3000,8.0500,7.0500,7.4900,10573500
2001-09-10,8.4000,8.6500,8.0600,8.6300,5833600
2001-09-07,7.9600,8.6100,7.8500,8.5100,7122100
2001-09-06,7.8400,8.1900,7.6700,8.1500,7131600
2001-09-05,8.6600,8.6800,6.8500,7.6500,21073400
2001-09-04,8.9500,9.1900,8.5200,8.5900,4857700
2001-08-31,8.7000,9.3000,8.6900,8.9400,3641600
2001-08-30,9.0600,9.4900,8.5500,8.6900,5851400
2001-08-29,10.0400,10.0500,9.0100,9.1900,3803600
2001-08-28,10.1200,10.1500,9.5600,9.9700,3229100
2001-08-27,10.0900,10.2700,9.9100,10.1300,2618000
2001-08-24,9.8400,10.3000,9.7200,10.2300,3779900
2001-08-23,10.1300,10.1600,9.5700,9.6300,4000700
2001-08-22,10.1600,10.2300,9.5880,10.2000,4126200
2001-08-21,10.7000,10.7900,9.8800,9.8900,5138300
2001-08-20,10.1900,10.4100,9.9500,10.4000,3614000
2001-08-17,9.5100,10.0900,9.4500,9.9900,5360600
2001-08-16,10.0800,10.1500,9.4000,9.8100,6227100
2001-08-15,10.5400,10.8300,10.0000,10.0800,3358500
2001-08-14,10.3200,11.0400,10.2700,10.5300,4807100
2001-08-13,10.1000,10.3000,9.7700,10.1200,4831500
2001-08-10,10.5800,10.6500,9.9400,9.9500,9187300
2001-08-09,11.1400,11.1700,10.2500,10.4600,6049000
2001-08-08,11.5100,11.5500,11.0300,11.1100,3373400
2001-08-07,11.8900,11.9000,11.5200,11.6000,2560200
2001-08-06,12.1800,12.2000,11.8500,11.9000,2661800
2001-08-03,12.2400,12.3900,12.1100,12.1500,3084900
2001-08-02,12.5900,12.6000,12.1000,12.1900,3872500
2001-08-01,12.7300,12.8600,12.1700,12.5000,5510600
2001-07-31,12.6400,12.8600,12.2300,12.4900,4378900
2001-07-30,12.2100,12.7500,11.9800,12.5500,5181000
2001-07-27,12.3300,12.4300,11.7000,12.2500,9075900
2001-07-26,11.6700,12.7500,11.2300,12.3300,10502500
2001-07-25,12.2900,12.3100,11.0700,11.5100,12559700
2001-07-24,13.6100,14.0000,11.9000,12.0600,32572900
2001-07-23,17.0200,17.1300,15.9600,16.0300,8663900
2001-07-20,16.5300,17.2500,16.4500,16.9800,3735700
2001-07-19,16.1500,16.8000,16.1400,16.4900,5212800
2001-07-18,16.0700,16.6500,15.8800,15.9600,3673100
2001-07-17,15.8400,16.4900,15.8300,16.3500,3706200
2001-07-16,16.9400,17.4200,16.0100,16.0100,7315800
2001-07-13,16.2600,17.0000,16.1000,16.9800,6848300
2001-07-12,15.7000,16.5400,15.7000,16.4900,5976500
2001-07-11,15.4300,15.8000,14.9500,15.3400,5821800
2001-07-10,16.0800,16.1200,14.8200,15.6100,8642700
2001-07-09,15.3500,15.9000,15.1100,15.8100,8001000
2001-07-06,15.0000,15.7200,14.8000,15.2700,9091200
2001-07-05,14.5600,15.4500,14.2000,15.2700,12083200
2001-07-03,14.4900,14.5000,14.0000,14.1300,2701100
2001-07-02,14.1000,14.7100,13.8500,14.5300,6334500
2001-06-29,14.3100,14.6500,13.7200,14.1500,4489000
2001-06-28,14.2300,14.5900,13.7700,14.3600,5516700
2001-06-27,13.8100,14.2500,13.6500,14.0400,7624400
2001-06-26,12.5400,13.7400,12.0400,13.2500,6639500
2001-06-25,12.7100,13.1400,12.5700,12.8100,6947000
2001-06-22,13.1300,13.2800,12.3800,12.4000,6316700
2001-06-21,12.6800,13.2000,12.5900,13.0800,9777400
2001-06-20,11.2700,12.7000,11.2000,12.5300,10652300
2001-06-19,12.4500,12.6500,11.2000,11.3600,6109500
2001-06-18,12.4500,12.7000,11.6700,11.8300,5717100
2001-06-15,13.0100,13.4600,12.3000,12.4900,7671600
2001-06-14,14.1200,14.1200,13.1600,13.2900,5088300
2001-06-13,14.9600,15.1500,14.1100,14.1200,3784400
2001-06-12,14.6000,14.7900,14.3200,14.6400,4333700
2001-06-11,15.5000,15.5500,14.4500,14.8600,4971000
2001-06-08,16.2500,16.3300,15.6500,15.7000,2508300
2001-06-07,15.8200,16.2300,15.6900,16.1300,3445200
2001-06-06,16.6700,16.7200,15.4800,15.9900,9736100
2001-06-05,17.0600,17.9200,16.0000,16.4400,12758100
2001-06-04,17.3200,17.4000,16.1500,16.9100,6141000
2001-06-01,17.2200,17.3100,16.3900,16.9500,6468600
2001-05-31,15.8400,17.2000,15.7500,16.6900,9632000
2001-05-30,16.5400,17.0000,15.6200,15.6600,8851400
2001-05-29,17.2100,17.5400,16.7000,17.2200,9394900
2001-05-25,16.6500,17.5300,16.3700,17.0900,6928700
2001-05-24,15.7100,16.7500,15.2500,16.7500,5334900
2001-05-23,16.2000,16.8000,15.1200,15.6000,8926500
2001-05-22,16.7900,17.0000,15.9000,16.2500,7309000
2001-05-21,14.9500,16.4200,14.7500,16.3800,7232400
2001-05-18,14.8300,15.0000,14.5000,14.7200,5071800
2001-05-17,14.0900,15.0000,14.0300,14.7800,6755400
2001-05-16,13.4500,14.3800,13.1000,14.1300,7279000
2001-05-15,13.3500,14.3000,13.1400,13.5400,6131200
2001-05-14,14.5300,14.5300,13.1600,13.3300,6194200
2001-05-11,14.5500,14.8000,14.0000,14.6800,3486900
2001-05-10,15.4000,15.6400,14.6000,14.6200,5012600
2001-05-09,15.5500,15.6600,15.0000,15.0100,4671000
2001-05-08,16.2800,16.4900,15.6000,16.1800,7191500
2001-05-07,17.3600,17.5300,16.5100,16.9200,5083700
2001-05-04,16.3500,17.6000,15.9300,17.5600,6584500
2001-05-03,16.8300,17.0000,16.2500,16.7500,5010000
2001-05-02,17.1400,17.4300,16.8400,17.1100,7497200
2001-05-01,15.9000,17.0000,15.8000,16.8900,5107900
2001-04-30,15.6300,16.9000,15.5900,15.7800,5780300
2001-04-27,15.7200,15.7300,15.0200,15.2700,4446000
2001-04-26,16.2500,16.5000,15.0000,15.4300,5960600
2001-04-25,15.6900,16.1000,14.6000,16.0900,9317100
2001-04-24,16.4400,16.8000,15.4800,15.6800,7082600
2001-04-23,16.3900,17.4600,16.0200,16.2000,11689600
2001-04-20,15.6200,16.2000,14.9700,15.7800,8522100
2001-04-19,16.9000,16.9000,15.6900,15.9900,8742600
2001-04-18,15.6600,18.1600,15.5500,16.5400,19555000
2001-04-17,13.8100,14.8700,13.7500,14.7400,5073500
2001-04-16,14.5000,14.5400,13.6500,14.0300,6310100
2001-04-12,13.0500,15.0100,13.0000,14.6700,11530000
2001-04-11,13.1000,13.6500,12.1800,13.3200,13421800
2001-04-10,11.2400,13.5000,11.2000,12.0100,18860400
2001-04-09,11.8400,11.9000,10.7000,11.1800,23405700
2001-04-06,8.9000,8.9000,8.2000,8.3700,5281100
2001-04-05,9.0200,9.3000,8.7200,9.1200,5424200
2001-04-04,8.5700,9.0000,8.1000,8.4000,5708100
2001-04-03,8.7100,9.1500,8.5000,8.6300,4865700
2001-04-02,10.3300,10.5300,8.5000,9.1000,8803900
2001-03-30,10.1200,10.8400,9.9100,10.2300,3558400
2001-03-29,10.5700,11.0300,10.0000,10.0000,4638400
2001-03-28,11.1000,11.1600,10.7500,10.8000,3386900
2001-03-27,10.9200,11.8000,10.5100,11.6400,5603200
2001-03-26,10.7000,11.2900,10.6200,10.9400,6850600
2001-03-23,10.5600,10.8100,9.9380,10.1900,3754400
2001-03-22,10.0600,10.2500,9.5630,10.1900,6594600
2001-03-21,10.3800,10.4400,10.0000,10.0000,5506600
2001-03-20,10.5600,11.5000,10.1300,10.2500,6294700
2001-03-19,11.1900,11.3100,10.1300,10.5000,6774500
2001-03-16,10.6300,11.0600,10.2500,11.0000,6984200
2001-03-15,11.3800,11.4400,10.8100,10.8800,5824900
2001-03-14,10.2500,10.9400,10.1300,10.6300,3124400
2001-03-13,10.8100,11.0600,10.5000,11.0000,3330700
2001-03-12,11.3800,11.6900,10.5000,10.6300,5716500
2001-03-09,11.4400,12.5000,11.3800,12.2500,8856700
2001-03-08,11.9400,12.0000,11.6300,11.6900,4957600
2001-03-07,11.9400,12.5600,11.4400,12.2500,10644100
2001-03-06,13.0800,14.0000,11.2500,11.8800,23191500
2001-03-05,12.3800,13.0600,11.5000,12.6300,23500700
2001-03-02,10.0300,10.6300,10.0000,10.0000,7545600
2001-03-01,9.8750,10.6900,9.5940,10.4400,10996700
2001-02-28,11.2500,11.7500,9.9380,10.1900,14629800
2001-02-27,11.8100,12.1300,11.6300,11.7500,7732600
2001-02-26,12.0600,12.2500,11.5000,11.9400,6229100
2001-02-23,11.8800,12.0600,11.0600,11.8100,5149900
2001-02-22,12.0000,12.1300,11.3800,11.9400,8249200
2001-02-21,12.2500,12.5000,11.3100,11.9400,7552600
2001-02-20,13.6300,13.6900,12.4400,12.5000,6589100
2001-02-16,13.6300,14.1300,13.3100,13.6900,6490600
2001-02-15,13.5000,14.6300,13.5000,14.5000,16384500
2001-02-14,14.1300,14.7500,13.5000,14.4400,8123400
2001-02-13,15.0000,15.0600,13.7500,13.7500,4795400
2001-02-12,14.1300,15.0000,13.7000,14.5000,5295300
2001-02-09,14.3100,14.7500,13.3800,13.3800,7454000
2001-02-08,15.3100,15.8800,14.3800,14.3800,5295200
2001-02-07,15.1900,15.8100,14.5600,15.0000,7567900
2001-02-06,13.8100,15.8800,13.5600,15.8100,19075900
2001-02-05,14.6300,14.9400,14.3100,14.4400,9189800
2001-02-02,16.1300,16.1900,14.2500,14.3800,12101100
2001-02-01,17.1900,17.1900,15.7500,16.2500,9468700
2001-01-31,18.9400,19.5600,17.0600,17.3100,20475800
2001-01-30,20.5600,20.6900,18.6700,18.9400,12273300
2001-01-29,19.1300,20.7500,18.8100,20.1300,7713000
2001-01-26,18.9400,20.5000,18.8800,19.5000,5094600
2001-01-25,21.6900,21.7500,19.0000,19.0000,7066400
2001-01-24,19.1900,22.3800,19.0000,21.8800,13848100
2001-01-23,18.3800,19.3100,18.2500,18.9500,4744300
2001-01-22,19.5000,19.9400,18.5000,18.5000,4398600
2001-01-19,20.3800,20.3800,18.6900,19.9400,6177500
2001-01-18,18.3800,19.5000,17.9400,19.5000,4115800
2001-01-17,18.8800,19.5600,17.7500,18.3800,9166000
2001-01-16,18.3100,18.3800,17.2500,18.0600,6017000
2001-01-12,17.3400,18.5000,17.1300,17.6900,8434200
2001-01-11,15.7500,17.3100,15.6300,17.0000,12756600
2001-01-10,15.8400,17.0000,15.5600,16.5000,11002500
2001-01-09,14.5600,16.6300,14.5600,16.3800,23455200
2001-01-08,14.4400,15.5600,13.7500,14.9400,10444700
2001-01-05,15.5000,15.8800,13.5600,14.5600,8798800
2001-01-04,17.0000,17.5600,15.4400,15.5000,10620500
2001-01-03,13.6300,17.8800,13.5600,17.5600,14680400
2001-01-02,15.8100,16.0000,13.6300,13.8800,9203500
2000-12-29,16.7500,17.1300,15.0000,15.5600,9849700
2000-12-28,16.6300,18.2500,16.6300,17.3800,8455600
2000-12-27,16.0000,17.4400,15.5600,16.8800,6598800
2000-12-26,16.3100,18.5000,16.2500,16.9400,9012800
2000-12-22,15.3100,16.5500,15.2500,15.5600,9387000
2000-12-21,16.3800,17.7500,14.8800,15.1900,8851400
2000-12-20,16.1900,17.8800,15.6300,16.6900,22050700
2000-12-19,20.3100,20.8800,17.3800,18.2500,13218500
2000-12-18,20.7500,21.1900,18.9400,19.8800,16035200
2000-12-15,22.2500,24.2500,22.0000,22.8800,8713700
2000-12-14,24.0600,24.6900,22.5900,22.6900,7020800
2000-12-13,26.5600,26.6300,23.5000,23.7500,6281800
2000-12-12,24.5000,27.5000,24.3100,25.8800,7306800
2000-12-11,22.8800,26.1300,21.7500,25.3100,10904200
2000-12-08,23.3100,24.6900,21.2500,23.4400,12969800
2000-12-07,23.0600,23.4400,20.1300,21.3800,10647500
2000-12-06,24.6900,26.0000,23.6300,23.6300,8825800
2000-12-05,27.1300,27.6300,24.7500,25.3800,9969900
2000-12-04,25.1900,27.1900,23.2500,26.5600,8255500
2000-12-01,24.9400,26.7500,23.0000,24.6300,7757400
2000-11-30,24.7500,26.1900,22.8800,24.6900,13123500
2000-11-29,25.1300,27.5000,24.2500,26.9400,11463200
2000-11-28,26.0000,26.1900,24.6300,25.0300,11327500
2000-11-27,29.7500,30.7500,27.0000,28.0000,6411400
2000-11-24,26.4200,29.1300,26.0600,28.9400,7639300
2000-11-22,23.8800,27.5000,22.1300,25.1900,11877100
2000-11-21,26.6300,26.8800,23.6300,24.2500,6197500
2000-11-20,26.0000,27.9400,25.0000,25.8100,6438300
2000-11-17,28.0000,29.6300,26.8800,27.4400,4996000
2000-11-16,28.6900,30.5000,27.7500,27.8100,4134800
2000-11-15,28.6300,30.8100,28.4400,29.5000,5263200
2000-11-14,28.7500,29.8800,25.7500,28.9400,7837900
2000-11-13,28.8100,30.1100,27.4400,27.8100,8377500
2000-11-10,30.7500,31.8800,30.0000,30.0600,5255600
2000-11-09,32.6900,33.0000,29.8800,31.2500,7169600
2000-11-08,36.0000,37.0000,33.2500,33.8800,5835300
2000-11-07,36.5000,39.4400,35.5600,36.9400,5495300
2000-11-06,38.5600,38.6300,34.7500,36.5600,6444600
2000-11-03,39.0000,40.8800,36.8800,37.5600,5962400
2000-11-02,38.0600,39.8800,37.5000,39.7500,6989700
2000-11-01,35.8100,40.0000,35.6900,37.3800,11099200
2000-10-31,32.6900,36.8800,32.0600,36.6300,9919500
2000-10-30,33.0600,34.3800,30.2700,32.8800,12510200
2000-10-27,33.9400,37.5000,33.8800,35.6300,12370700
2000-10-26,32.1900,37.5000,31.0000,36.8800,17825500
2000-10-25,34.0000,36.5000,31.7500,31.8800,28572900
2000-10-24,29.8800,33.8800,28.8100,29.5600,13676600
2000-10-23,29.6900,30.3800,27.6300,30.0000,10199600
2000-10-20,27.6900,31.2500,27.1300,30.8100,11621900
2000-10-19,26.5600,28.1300,24.1900,27.7500,10874900
2000-10-18,19.8800,25.3800,19.3800,25.1300,18788700
2000-10-17,24.8800,25.1900,20.8800,21.9400,15140500
2000-10-16,28.1300,28.3100,24.1300,24.3100,7147700
2000-10-13,24.2500,28.8800,23.5000,28.4400,7633400
2000-10-12,28.3800,28.8100,24.6300,25.1300,8032600
2000-10-11,27.9400,30.2500,27.6300,27.8100,7889700
2000-10-10,29.7500,32.7200,28.8800,30.4400,7265500
2000-10-09,30.2500,30.5600,27.3800,30.0600,12727500
2000-10-06,32.5000,33.2500,30.1900,31.5600,8871100
2000-10-05,35.1900,36.6300,32.0000,33.5600,6966300
2000-10-04,33.4400,37.0600,32.5000,36.0000,7841100
2000-10-03,36.7500,37.2500,35.0000,35.0600,5379900
2000-10-02,38.1900,38.4400,35.2500,35.8800,5477700
2000-09-29,39.0000,41.2500,37.6300,38.4400,6517100
2000-09-28,37.3100,40.2500,37.1300,40.0000,5857900
2000-09-27,38.6900,39.6300,35.5000,37.8800,10030900
2000-09-26,40.6300,41.1300,39.5600,39.7500,4260400
2000-09-25,41.2200,42.5600,40.0000,40.3800,5459900
2000-09-22,38.3800,42.1300,38.3100,41.4400,5996200
2000-09-21,37.4400,40.5000,37.2500,40.0600,7425600
2000-09-20,40.4400,40.5000,37.3800,37.5000,9744800
2000-09-19,42.0600,42.7500,39.1300,40.7500,7230800
2000-09-18,43.5000,44.6300,41.8800,42.8100,4445200
2000-09-15,45.3800,45.4400,42.8800,43.6300,6180200
2000-09-14,44.1900,46.0000,43.7500,44.8800,6963500
2000-09-13,41.3100,43.1300,41.0000,42.4400,4085000
2000-09-12,43.3800,44.1900,42.2500,42.6900,3821500
2000-09-11,42.6300,45.2200,42.1900,42.3800,5447100
2000-09-08,44.0600,45.0000,42.5000,42.9400,5088900
2000-09-07,46.8100,47.0000,43.0000,43.5000,7406200
2000-09-06,47.2500,49.6300,45.6900,45.8800,14263200
2000-09-05,40.9400,46.3100,40.2500,45.6900,10168200
2000-09-01,42.1300,42.5000,41.0000,41.5000,3347100
2000-08-31,43.1300,43.1900,41.4400,41.5000,4616300
2000-08-30,42.3800,43.9700,42.0000,42.9400,12919600
2000-08-29,39.5000,40.8800,38.8800,39.6300,4521100
2000-08-28,38.8100,42.5000,38.5600,39.1300,9178500
2000-08-25,39.1300,40.0600,38.5600,39.9400,2708600
2000-08-24,39.5600,40.5000,38.8100,39.3800,4719000
2000-08-23,36.3800,39.5000,35.0000,38.8100,4721300
2000-08-22,38.1300,38.1900,36.0600,36.5000,3508200
2000-08-21,39.0900,39.8800,36.5000,37.5000,4037500
2000-08-18,39.2500,40.1300,38.9400,39.0000,7371100
2000-08-17,38.0000,39.0600,36.8800,38.2500,4974100
2000-08-16,37.5600,39.8800,37.5600,38.7500,9833200
2000-08-15,34.6300,38.3100,34.3800,37.5600,8497200
2000-08-14,33.5000,35.1900,32.6900,34.8800,6217200
2000-08-11,30.5000,34.0000,30.3100,33.6900,9116200
2000-08-10,31.5000,31.7500,29.7500,30.4400,6073000
2000-08-09,32.3800,32.3800,30.3800,30.8800,8874400
2000-08-08,33.2500,33.3800,32.4400,32.9400,5050600
2000-08-07,32.0000,34.2500,31.6300,33.8100,4403100
2000-08-04,31.9400,34.1900,31.5000,32.5000,4871100
2000-08-03,29.4400,31.7500,29.3100,31.5000,5144100
2000-08-02,30.2500,32.0000,30.2200,30.8100,4952900
2000-08-01,30.6300,32.2500,30.2500,30.2500,8156400
2000-07-31,30.0600,30.2500,27.8800,30.1300,9478800
2000-07-28,31.4400,32.1300,29.0000,30.0000,12447000
2000-07-27,31.4400,32.0000,29.7500,31.3800,23579300
2000-07-26,35.0600,36.7200,34.0600,36.0600,15547800
2000-07-25,36.7500,38.7500,33.2500,37.6300,27752500
2000-07-24,41.0600,41.3800,38.0600,38.7500,5778200
2000-07-21,40.4400,42.5000,40.4400,41.1300,4712900
2000-07-20,40.9400,43.3800,39.5000,40.3100,6945700
2000-07-19,41.5000,41.5600,39.0000,40.8800,4743700
2000-07-18,40.1300,43.6300,39.5000,41.7500,7958400
2000-07-17,42.8800,43.9400,40.2500,41.1300,6530000
2000-07-14,36.3800,43.2000,36.3100,42.6300,22436100
2000-07-13,35.6300,36.0000,34.8800,35.0000,8597500
2000-07-12,35.4400,36.1300,34.2500,35.0600,11265900
2000-07-11,35.1900,35.2500,32.6300,33.1300,9896500
2000-07-10,36.3800,36.3800,35.0000,35.0600,4240600
2000-07-07,36.1300,37.0000,35.2500,36.1300,3870600
2000-07-06,36.8800,37.3800,34.7500,36.0600,6767100
2000-07-05,37.0000,38.5000,36.3800,36.5000,4213600
2000-07-03,36.6900,37.5000,36.5000,37.0000,1762400
2000-06-30,37.0000,37.2500,35.5000,36.3100,6451900
2000-06-29,37.1300,38.5000,36.1300,37.1300,8986500
2000-06-28,36.8800,39.9400,36.1300,37.8800,14874300
2000-06-27,33.7500,38.5000,33.5000,36.5000,17638200
2000-06-26,35.3100,35.3300,32.8100,33.9400,21076400
2000-06-23,36.6300,37.0000,32.4700,33.8800,51838200
2000-06-22,46.1900,46.4400,41.6300,42.0000,10516100
2000-06-21,45.4400,46.9400,45.0600,46.0600,3573300
2000-06-20,45.8800,48.6300,45.1300,46.1300,6199100
2000-06-19,45.5000,45.8800,43.5000,45.3100,5151500
2000-06-16,47.2500,47.4400,45.3800,46.0000,3070900
2000-06-15,47.0000,47.9400,45.3100,46.3100,3554700
2000-06-14,49.3100,49.8800,46.0000,46.4400,5020500
2000-06-13,48.1900,49.5000,46.2500,49.0000,4788500
2000-06-12,52.1900,52.1900,47.0000,48.4400,3986000
2000-06-09,51.9400,53.2500,51.8800,52.1900,1922300
2000-06-08,52.5600,53.4400,51.6300,51.8800,3040300
2000-06-07,51.8800,52.1900,50.1300,51.8100,3841200
2000-06-06,54.0000,54.5600,50.2500,50.5600,4853100
2000-06-05,55.0300,56.2500,52.5000,54.5000,6813200
2000-06-02,52.3800,58.1300,52.2500,57.8800,8322500
2000-06-01,48.8800,51.1300,46.3800,50.1900,7622200
2000-05-31,50.7500,52.2500,49.6300,49.9400,6882000
2000-05-30,47.3100,51.8800,47.3100,51.7500,5613200
2000-05-26,46.2500,47.7500,44.0000,46.5000,3621000
2000-05-25,49.5000,50.0000,45.5000,45.5000,4919500
2000-05-24,46.4400,49.7500,40.4400,48.5600,11666600
2000-05-23,50.5000,51.8800,46.5000,46.6900,5837200
2000-05-22,53.0000,53.1300,46.8800,51.8800,8272800
2000-05-19,54.6300,55.7500,52.2500,52.6300,4610900
2000-05-18,60.3800,60.8800,55.1300,55.3800,4727000
2000-05-17,57.1900,62.3800,57.0000,61.0000,6998600
2000-05-16,57.1300,59.8800,56.0000,59.0600,6432200
2000-05-15,53.6300,56.5000,50.8800,56.0600,4125400
2000-05-12,54.6900,56.5000,53.1300,53.7500,3969600
2000-05-11,53.9400,55.7500,50.9400,54.8800,5580800
2000-05-10,54.5300,55.3800,49.0000,53.3100,8711500
2000-05-09,56.5000,57.7500,53.0000,56.2500,4551800
2000-05-08,56.8100,59.2500,55.4400,56.0200,3950000
2000-05-05,54.6300,58.6300,54.1300,58.5000,4062100
2000-05-04,54.2500,56.5000,53.1300,55.0600,4725200
2000-05-03,55.2500,56.5600,53.0000,54.1300,5424800
2000-05-02,59.1900,60.0000,55.8800,56.1300,7427900
2000-05-01,56.0000,60.3100,55.2500,59.9400,8578500
2000-04-28,54.0000,55.6300,53.1300,55.1900,6833800
2000-04-27,49.3100,55.2500,48.5000,52.8800,11266000
2000-04-26,53.3100,57.4400,52.4500,53.5000,12006400
2000-04-25,51.8100,54.1300,50.2500,52.4400,7150400
2000-04-24,49.3800,51.5600,44.8800,49.8100,6693300
2000-04-20,53.3800,53.6900,49.8800,52.3800,4925300
2000-04-19,55.3100,55.3100,51.6900,53.4400,5373800
2000-04-18,47.6300,56.2500,47.1300,54.9400,10735000
2000-04-17,45.2500,52.0000,44.6300,47.0600,12180900
2000-04-14,47.8800,52.3800,40.8100,46.8800,20074500
2000-04-13,57.8800,58.7500,47.9400,48.0000,10679000
2000-04-12,64.0000,64.3800,56.2500,56.3800,8695500
2000-04-11,62.5000,66.0000,61.2500,63.3800,4706600
2000-04-10,67.2500,68.4400,63.2500,63.3800,4523600
2000-04-07,65.1300,68.6300,64.1300,67.5600,6052300
2000-04-06,63.4400,65.5000,61.8800,64.2500,6032700
2000-04-05,61.7500,64.9400,60.5000,62.1900,4900000
2000-04-04,62.8800,65.4400,55.7500,63.9400,14318000
2000-04-03,65.4400,65.6900,62.0000,63.5600,4865400
2000-03-31,66.7500,67.1300,63.0000,67.0000,5115500
2000-03-30,64.5000,67.3800,64.0000,66.5000,5034000
2000-03-29,69.5000,69.8800,65.0000,66.2500,5886500
2000-03-28,72.3800,72.7500,69.4700,70.1300,5197600
2000-03-27,72.2500,75.1300,71.7500,73.1300,4748600
2000-03-24,67.6900,67.6900,67.6900,67.6900,9746000
2000-03-23,69.5000,70.9400,67.5000,67.6900,5442100
2000-03-22,70.8800,74.0000,69.2500,70.6900,11566400
2000-03-21,65.1300,73.0000,62.2500,72.3800,17082900
2000-03-20,63.5000,64.5000,62.3800,64.1900,5813500
2000-03-17,66.0600,66.3800,64.5000,64.8100,5298500
2000-03-16,62.2500,66.3800,60.0000,66.2500,9703100
2000-03-15,64.7500,65.1300,62.0000,63.7500,6082700
2000-03-14,66.0600,66.9400,63.3800,65.6300,4805300
2000-03-13,64.0000,66.6300,63.0000,65.3100,5634300
2000-03-10,67.2500,68.5300,65.0000,66.8800,3713500
2000-03-09,63.0000,69.0000,62.1900,68.8100,8312500
2000-03-08,63.2500,64.7500,60.5600,63.6300,5940700
2000-03-07,64.8800,65.8100,62.1300,63.5000,4178800
2000-03-06,62.8800,67.2500,62.8100,63.9400,7665800
2000-03-03,63.2500,64.7500,62.0600,62.5000,6059500
2000-03-02,64.9400,65.0000,62.1900,62.5600,7980100
2000-03-01,67.6300,68.5000,65.0000,65.8800,5576700
2000-02-29,66.0000,68.9700,65.8800,68.8800,7148500
2000-02-28,66.5600,67.1900,64.1300,65.7500,5057700
2000-02-25,67.4400,69.3800,65.1900,69.1300,4870500
2000-02-24,70.5600,71.3800,65.6300,68.4400,5869300
2000-02-23,64.8800,71.7500,64.6900,70.4400,8441200
2000-02-22,64.9400,66.5000,63.0600,63.5600,5685800
2000-02-18,68.4400,69.0000,63.8800,64.7500,8726400
2000-02-17,71.2500,71.3100,68.0000,69.0000,6129600
2000-02-16,72.7500,73.4400,70.6300,70.6900,4260200
2000-02-15,73.4400,76.1900,70.6300,73.8100,6424500
2000-02-14,75.6900,75.7500,73.5600,74.4400,5169700
2000-02-11,77.1300,79.1300,75.5000,76.1900,8309000
2000-02-10,78.5000,79.8800,75.5000,76.1900,9979600
2000-02-09,80.5500,83.7300,80.0200,80.2500,9580400
2000-02-08,74.0000,84.0000,73.4400,83.1300,19472800
2000-02-07,76.1900,76.8800,73.1300,75.0000,10129000
2000-02-04,82.7500,82.7500,78.0000,78.5600,11023000
2000-02-03,81.1300,85.9400,77.3800,84.1900,43750000
2000-02-02,67.9400,72.2500,67.7500,69.4400,14025900
2000-02-01,67.5000,70.6300,64.3800,67.4400,13404600
2000-01-31,60.3800,64.7500,58.4400,64.5600,10697900
2000-01-28,65.0000,66.4400,60.0000,61.6900,13777900
2000-01-27,65.1900,67.7500,64.6300,66.9400,6784000
2000-01-26,68.6300,70.0000,64.7500,64.8100,6558000
2000-01-25,70.0000,71.2500,66.0000,69.2500,9434100
2000-01-24,67.5600,73.3800,67.5000,70.1300,29170200
2000-01-21,64.6300,64.6300,60.0000,62.0600,11461900
2000-01-20,66.9400,67.0000,63.9400,64.7500,5978000
2000-01-19,64.1300,67.5000,63.0000,66.8100,8245500
2000-01-18,63.4400,65.1900,63.0000,64.1300,5384900
2000-01-14,66.7500,68.5000,64.0000,64.2500,6853600
2000-01-13,64.9400,67.1900,63.1300,65.9400,10448100
2000-01-12,67.8800,68.0000,63.0000,63.5600,10804500
2000-01-11,66.8800,70.0000,65.0000,66.7500,10532700
2000-01-10,72.5600,72.6300,65.5600,69.1900,14757900
2000-01-07,67.0000,70.5000,66.1900,69.5600,10505400
2000-01-06,71.3100,72.6900,64.0000,65.5600,18752000
2000-01-05,70.7500,75.1300,69.6300,71.7500,38457400
2000-01-04,85.3800,91.5000,81.7500,81.9400,17487400
2000-01-03,81.5000,89.5600,80.0000,89.3800,16117600
